1,1,851,470,326,224,1,0,1
1,2,555,298,188,121,1,0,1
1,3,501,263,156,102,1,0,1
1,4,406,213,118,80,1,0,1
1,5,317,132,100,86,1,0,1
1,6,21,153,100,76,1,0,1
1,7,0,130,71,70,1,0,1
1,1,841,357,107,93,1,1,1
1,2,751,317,108,89,1,1,1
1,1,0,829,43,250,1,2,1
1,1,1056,762,151,263,1,3,1
1,2,576,467,83,173,1,3,1
1,3,539,353,67,135,1,3,1
1,4,384,329,64,142,1,3,1
1,5,27,629,124,259,1,3,1
1,6,7,429,83,168,1,3,1
1,7,279,175,42,81,1,3,1
1,8,238,145,40,73,1,3,1
1,9,150,156,38,65,1,3,1
1,10,156,129,41,46,1,3,1
1,1,1228,675,441,330,1,4,1
1,2,40,329,108,169,1,4,1
2,1,851,470,326,224,1,0,1
2,2,554,297,190,122,1,0,1
2,3,501,263,156,102,1,0,1
2,4,406,213,118,80,1,0,1
2,5,317,132,100,86,1,0,1
2,6,22,153,100,76,1,0,1
2,7,0,130,68,69,1,0,1
2,1,841,357,107,93,1,1,1
2,2,751,317,108,89,1,1,1
2,1,0,829,44,250,1,2,1
2,1,1032,745,148,258,1,3,1
2,2,568,460,82,170,1,3,1
2,3,533,349,66,134,1,3,1
2,4,380,324,63,140,1,3,1
2,5,32,637,126,263,1,3,1
2,6,8,435,84,170,1,3,1
2,7,277,174,42,80,1,3,1
2,8,237,144,40,73,1,3,1
2,9,149,155,38,64,1,3,1
2,10,154,129,40,44,1,3,1
2,1,1232,674,437,331,1,4,1
2,2,41,333,110,172,1,4,1
3,1,851,470,326,224,1,0,1
3,2,555,298,188,121,1,0,1
3,3,501,263,156,102,1,0,1
3,4,406,213,118,80,1,0,1
3,5,317,132,100,86,1,0,1
3,6,24,153,101,77,1,0,1
3,7,0,130,69,70,1,0,1
3,1,841,357,107,93,1,1,1
3,2,751,317,108,89,1,1,1
3,1,0,829,44,250,1,2,1
3,1,1009,728,144,252,1,3,1
3,2,561,454,80,168,1,3,1
3,3,527,344,66,132,1,3,1
3,4,376,320,62,138,1,3,1
3,5,37,646,128,267,1,3,1
3,6,9,440,85,172,1,3,1
3,7,275,172,41,79,1,3,1
3,8,237,144,39,72,1,3,1
3,9,148,153,37,64,1,3,1
3,10,153,128,39,43,1,3,1
3,1,1230,674,439,331,1,4,1
3,2,43,338,111,174,1,4,1
4,1,851,470,326,224,1,0,1
4,2,555,298,188,121,1,0,1
4,3,501,263,156,102,1,0,1
4,4,406,213,118,80,1,0,1
4,5,317,132,100,86,1,0,1
4,6,26,154,101,77,1,0,1
4,7,1,130,70,71,1,0,1
4,1,841,357,107,93,1,1,1
4,2,751,317,108,89,1,1,1
4,1,0,829,44,250,1,2,1
4,1,986,711,141,248,1,3,1
4,2,554,447,80,166,1,3,1
4,3,521,341,65,131,1,3,1
4,4,372,315,62,137,1,3,1
4,5,42,655,129,270,1,3,1
4,6,10,446,86,174,1,3,1
4,7,272,170,41,79,1,3,1
4,8,236,142,39,72,1,3,1
4,9,147,152,37,64,1,3,1
4,10,151,127,38,43,1,3,1
4,1,1232,674,437,331,1,4,1
4,2,44,342,112,176,1,4,1
5,1,851,470,326,224,1,0,1
5,2,555,298,188,121,1,0,1
5,3,501,263,156,102,1,0,1
5,4,406,213,118,80,1,0,1
5,5,317,132,100,86,1,0,1
5,6,25,155,105,77,1,0,1
5,7,0,130,69,70,1,0,1
5,1,841,357,107,93,1,1,1
5,2,751,317,108,89,1,1,1
5,1,0,829,44,250,1,2,1
5,1,964,696,139,243,1,3,1
5,2,546,441,79,164,1,3,1
5,3,515,337,64,129,1,3,1
5,4,368,311,61,135,1,3,1
5,5,47,664,131,273,1,3,1
5,6,11,452,87,176,1,3,1
5,7,270,169,41,79,1,3,1
5,8,235,142,39,71,1,3,1
5,9,146,150,37,63,1,3,1
5,10,146,129,40,41,1,3,1
5,1,1232,672,437,333,1,4,1
5,2,46,346,114,178,1,4,1
6,1,851,470,326,224,1,0,1
6,2,555,298,188,121,1,0,1
6,3,501,263,156,102,1,0,1
6,4,406,213,118,80,1,0,1
6,5,317,132,100,86,1,0,1
6,6,27,155,106,77,1,0,1
6,7,0,131,69,70,1,0,1
6,1,841,357,107,93,1,1,1
6,2,751,317,108,89,1,1,1
6,1,1,838,46,241,1,2,1
6,1,943,682,136,238,1,3,1
6,2,539,435,77,161,1,3,1
6,3,509,333,64,128,1,3,1
6,4,364,306,60,133,1,3,1
6,5,52,673,133,277,1,3,1
6,6,12,458,88,179,1,3,1
6,7,268,167,41,79,1,3,1
6,8,235,140,39,71,1,3,1
6,9,145,149,37,63,1,3,1
6,1,1232,674,437,331,1,4,1
6,2,47,351,115,181,1,4,1
7,1,851,470,326,224,1,0,1
7,2,555,298,188,121,1,0,1
7,3,501,263,156,102,1,0,1
7,4,406,213,118,80,1,0,1
7,5,317,132,100,86,1,0,1
7,6,24,155,112,75,1,0,1
7,7,0,131,69,70,1,0,1
7,1,841,357,107,93,1,1,1
7,2,751,317,108,89,1,1,1
7,1,1,830,44,249,1,2,1
7,1,923,669,133,233,1,3,1
7,2,533,428,76,159,1,3,1
7,3,504,329,63,127,1,3,1
7,4,361,302,59,132,1,3,1
7,5,58,683,134,280,1,3,1
7,6,13,464,89,181,1,3,1
7,7,265,166,41,78,1,3,1
7,8,234,139,39,71,1,3,1
7,9,144,147,37,63,1,3,1
7,1,1233,672,436,333,1,4,1
7,2,49,356,117,183,1,4,1
8,1,851,470,326,224,1,0,1
8,2,555,298,188,121,1,0,1
8,3,501,263,156,102,1,0,1
8,4,406,213,118,80,1,0,1
8,5,317,132,100,86,1,0,1
8,6,25,155,114,76,1,0,1
8,7,0,131,69,70,1,0,1
8,1,841,357,107,93,1,1,1
8,2,751,317,108,89,1,1,1
8,1,1,841,47,238,1,2,1
8,1,903,655,130,228,1,3,1
8,2,526,422,76,158,1,3,1
8,3,498,325,62,125,1,3,1
8,4,357,298,59,131,1,3,1
8,5,63,694,136,285,1,3,1
8,6,14,471,90,183,1,3,1
8,7,263,164,40,78,1,3,1
8,8,234,139,38,70,1,3,1
8,9,143,146,37,62,1,3,1
8,1,1229,671,440,334,1,4,1
8,2,50,361,118,185,1,4,1
9,1,851,470,326,224,1,0,1
9,2,555,298,188,121,1,0,1
9,3,501,263,156,102,1,0,1
9,4,406,213,118,80,1,0,1
9,5,317,132,100,86,1,0,1
9,6,28,156,113,76,1,0,1
9,7,0,131,69,70,1,0,1
9,1,841,357,107,93,1,1,1
9,2,751,317,108,89,1,1,1
9,1,1,841,47,238,1,2,1
9,1,885,642,128,224,1,3,1
9,2,519,417,75,155,1,3,1
9,3,493,321,62,124,1,3,1
9,4,354,294,58,129,1,3,1
9,5,70,705,138,288,1,3,1
9,6,15,477,92,185,1,3,1
9,7,261,163,40,77,1,3,1
9,8,233,137,38,70,1,3,1
9,9,142,144,36,62,1,3,1
9,1,1234,673,435,332,1,4,1
9,2,52,366,120,187,1,4,1
10,1,851,470,326,224,1,0,1
10,2,555,298,188,121,1,0,1
10,3,501,263,156,102,1,0,1
10,4,406,213,118,80,1,0,1
10,5,317,132,100,86,1,0,1
10,6,30,156,114,77,1,0,1
10,7,0,131,69,70,1,0,1
10,1,841,357,107,93,1,1,1
10,2,751,317,108,89,1,1,1
10,1,1,841,47,238,1,2,1
10,1,867,629,125,220,1,3,1
10,2,513,411,74,153,1,3,1
10,3,487,318,61,123,1,3,1
10,4,350,290,58,128,1,3,1
10,5,76,715,140,292,1,3,1
10,6,16,484,93,188,1,3,1
10,7,258,161,40,77,1,3,1
10,8,233,137,38,70,1,3,1
10,9,141,144,36,61,1,3,1
10,1,1231,673,438,332,1,4,1
10,2,53,371,121,190,1,4,1
11,1,851,470,326,224,1,0,1
11,2,555,298,188,121,1,0,1
11,3,501,263,156,102,1,0,1
11,4,406,213,118,80,1,0,1
11,5,317,132,100,86,1,0,1
11,6,32,156,115,77,1,0,1
11,7,0,132,69,70,1,0,1
11,1,841,357,107,93,1,1,1
11,2,751,317,108,89,1,1,1
11,1,1,842,47,237,1,2,1
11,1,850,617,123,215,1,3,1
11,2,507,406,72,151,1,3,1
11,3,482,314,60,121,1,3,1
11,4,347,287,57,126,1,3,1
11,5,83,726,142,296,1,3,1
11,6,17,490,94,191,1,3,1
11,7,256,160,40,76,1,3,1
11,8,233,136,38,70,1,3,1
11,9,140,142,36,61,1,3,1
11,1,1236,673,433,332,1,4,1
11,2,55,376,123,193,1,4,1
12,1,851,470,326,224,1,0,1
12,2,555,298,188,121,1,0,1
12,3,501,263,156,102,1,0,1
12,4,406,213,118,80,1,0,1
12,5,317,132,100,86,1,0,1
12,6,32,157,119,76,1,0,1
12,7,0,133,69,70,1,0,1
12,1,841,357,107,93,1,1,1
12,2,751,317,108,89,1,1,1
12,1,1,843,47,236,1,2,1
12,1,826,599,120,210,1,3,1
12,2,498,398,71,148,1,3,1
12,3,475,309,59,120,1,3,1
12,4,343,281,56,125,1,3,1
12,5,91,742,145,303,1,3,1
12,6,19,501,96,194,1,3,1
12,7,253,158,39,76,1,3,1
12,8,232,135,38,69,1,3,1
12,9,138,140,35,61,1,3,1
12,1,1234,671,435,334,1,4,1
12,2,57,385,125,196,1,4,1
13,1,851,470,326,224,1,0,1
13,2,555,298,188,121,1,0,1
13,3,501,263,156,102,1,0,1
13,4,406,213,118,80,1,0,1
13,5,317,132,100,86,1,0,1
13,6,34,157,119,76,1,0,1
13,7,0,133,69,70,1,0,1
13,1,841,357,107,93,1,1,1
13,2,751,317,108,89,1,1,1
13,1,0,844,46,235,1,2,1
13,1,811,588,118,206,1,3,1
13,2,492,393,70,146,1,3,1
13,3,470,306,59,119,1,3,1
13,4,340,278,55,123,1,3,1
13,5,97,755,147,306,1,3,1
13,6,20,508,97,197,1,3,1
13,7,250,156,39,76,1,3,1
13,8,232,134,37,68,1,3,1
13,9,137,139,35,60,1,3,1
13,1,1234,671,435,334,1,4,1
13,2,58,390,127,199,1,4,1
14,1,851,470,326,224,1,0,1
14,2,555,298,188,121,1,0,1
14,3,501,263,156,102,1,0,1
14,4,406,213,118,80,1,0,1
14,5,317,132,100,86,1,0,1
14,6,37,157,122,78,1,0,1
14,7,0,132,69,71,1,0,1
14,1,841,357,107,93,1,1,1
14,2,751,317,108,89,1,1,1
14,1,1,845,46,234,1,2,1
14,1,796,576,116,203,1,3,1
14,2,486,387,70,145,1,3,1
14,3,466,303,58,117,1,3,1
14,4,337,275,55,121,1,3,1
14,5,103,767,149,311,1,3,1
14,6,21,516,99,199,1,3,1
14,7,248,155,39,75,1,3,1
14,8,232,133,37,67,1,3,1
14,9,135,137,35,60,1,3,1
14,1,1234,671,435,334,1,4,1
14,2,60,395,129,201,1,4,1
15,1,851,470,326,224,1,0,1
15,2,555,298,188,121,1,0,1
15,3,501,263,156,102,1,0,1
15,4,406,213,118,80,1,0,1
15,5,317,132,100,86,1,0,1
15,6,36,158,127,78,1,0,1
15,7,0,132,69,71,1,0,1
15,1,841,357,107,93,1,1,1
15,2,751,317,108,89,1,1,1
15,1,1,846,46,233,1,2,1
15,1,783,566,114,199,1,3,1
15,2,481,382,69,144,1,3,1
15,3,461,299,58,116,1,3,1
15,4,335,271,54,120,1,3,1
15,5,108,779,151,300,1,3,1
15,6,23,523,100,202,1,3,1
15,7,246,154,38,74,1,3,1
15,8,232,132,37,67,1,3,1
15,9,135,137,34,59,1,3,1
15,1,1234,671,435,334,1,4,1
15,2,61,401,130,204,1,4,1
16,1,851,470,326,224,1,0,1
16,2,555,298,188,121,1,0,1
16,3,501,263,156,102,1,0,1
16,4,406,213,118,80,1,0,1
16,5,317,132,100,86,1,0,1
16,6,37,159,131,75,1,0,1
16,7,0,133,69,71,1,0,1
16,1,841,357,107,93,1,1,1
16,2,751,317,108,89,1,1,1
16,1,1,846,46,233,1,2,1
16,1,770,555,112,196,1,3,1
16,2,475,377,68,142,1,3,1
16,3,457,296,57,115,1,3,1
16,4,332,268,54,119,1,3,1
16,5,113,792,154,287,1,3,1
16,6,25,531,101,205,1,3,1
16,7,244,153,38,74,1,3,1
16,8,232,132,36,66,1,3,1
16,9,133,135,34,58,1,3,1
16,1,1234,671,435,334,1,4,1
16,2,63,407,132,206,1,4,1
16,8,818,943,463,136,1,0,1
17,1,851,470,326,224,1,0,1
17,2,555,298,188,121,1,0,1
17,3,501,263,156,102,1,0,1
17,4,406,213,118,80,1,0,1
17,5,317,132,100,86,1,0,1
17,6,39,159,133,76,1,0,1
17,7,0,133,70,72,1,0,1
17,1,841,357,107,93,1,1,1
17,2,751,317,108,89,1,1,1
17,1,1,846,46,233,1,2,1
17,1,757,545,110,193,1,3,1
17,2,470,373,67,140,1,3,1
17,3,453,293,56,113,1,3,1
17,4,329,265,54,118,1,3,1
17,5,119,806,156,273,1,3,1
17,6,27,539,102,208,1,3,1
17,7,242,152,37,73,1,3,1
17,8,231,132,35,65,1,3,1
17,9,131,134,34,58,1,3,1
17,1,1234,671,435,334,1,4,1
17,2,64,413,134,209,1,4,1
17,8,798,918,464,161,1,0,1
18,1,851,470,326,224,1,0,1
18,2,555,298,188,121,1,0,1
18,3,501,263,156,102,1,0,1
18,4,406,213,118,80,1,0,1
18,5,317,132,100,86,1,0,1
18,6,39,159,138,77,1,0,1
18,7,1,133,71,73,1,0,1
18,1,841,357,107,93,1,1,1
18,2,751,317,108,89,1,1,1
18,1,2,846,46,233,1,2,1
18,1,745,536,108,190,1,3,1
18,2,466,368,66,138,1,3,1
18,3,449,291,55,111,1,3,1
18,4,327,262,53,117,1,3,1
18,5,125,820,158,259,1,3,1
18,6,28,547,104,210,1,3,1
18,7,240,151,38,73,1,3,1
18,8,231,132,34,62,1,3,1
18,9,130,133,34,58,1,3,1
18,1,1234,671,435,334,1,4,1
18,2,66,419,136,212,1,4,1
18,8,779,895,460,184,1,0,1
19,1,851,470,326,224,1,0,1
19,2,555,298,188,121,1,0,1
19,3,501,263,156,102,1,0,1
19,4,406,213,118,80,1,0,1
19,5,317,132,100,86,1,0,1
19,6,41,159,140,76,1,0,1
19,7,0,133,70,72,1,0,1
19,1,841,357,107,93,1,1,1
19,2,751,317,108,89,1,1,1
19,1,2,846,46,233,1,2,1
19,1,734,527,106,186,1,3,1
19,2,461,363,66,137,1,3,1
19,3,445,288,55,111,1,3,1
19,4,324,259,53,116,1,3,1
19,5,131,835,161,244,1,3,1
19,6,31,555,105,214,1,3,1
19,7,238,149,37,73,1,3,1
19,9,129,132,33,57,1,3,1
19,1,1234,671,435,334,1,4,1
19,2,67,424,138,215,1,4,1
19,8,761,873,478,206,1,0,1
20,1,851,470,326,224,1,0,1
20,2,555,298,188,121,1,0,1
20,3,501,263,156,102,1,0,1
20,4,406,213,118,80,1,0,1
20,5,317,132,100,86,1,0,1
20,6,43,160,143,76,1,0,1
20,7,0,134,69,71,1,0,1
20,1,841,357,107,93,1,1,1
20,2,751,317,108,89,1,1,1
20,1,2,847,46,232,1,2,1
20,1,723,518,105,184,1,3,1
20,2,457,360,64,134,1,3,1
20,3,442,285,55,110,1,3,1
20,4,322,256,52,114,1,3,1
20,5,137,850,164,229,1,3,1
20,6,33,564,107,216,1,3,1
20,7,236,148,37,72,1,3,1
20,9,128,131,33,57,1,3,1
20,1,1234,671,435,334,1,4,1
20,2,68,430,139,218,1,4,1
20,8,744,851,473,228,1,0,1
21,1,851,470,326,224,1,0,1
21,2,555,298,188,121,1,0,1
21,3,501,263,156,102,1,0,1
21,4,406,213,118,80,1,0,1
21,5,317,132,100,86,1,0,1
21,6,45,160,145,79,1,0,1
21,7,0,134,70,72,1,0,1
21,1,841,357,107,93,1,1,1
21,2,751,317,108,89,1,1,1
21,1,3,846,46,233,1,2,1
21,1,712,509,103,181,1,3,1
21,2,452,356,64,133,1,3,1
21,3,439,283,53,108,1,3,1
21,4,319,253,52,114,1,3,1
21,5,144,866,166,213,1,3,1
21,6,36,573,108,220,1,3,1
21,7,234,147,37,71,1,3,1
21,9,126,129,34,58,1,3,1
21,1,1234,671,435,334,1,4,1
21,2,70,436,141,221,1,4,1
21,8,727,829,453,250,1,0,1
22,1,851,470,326,224,1,0,1
22,2,555,298,188,121,1,0,1
22,3,501,263,156,102,1,0,1
22,4,406,213,118,80,1,0,1
22,5,317,132,100,86,1,0,1
22,6,47,160,148,77,1,0,1
22,7,0,134,70,72,1,0,1
22,1,841,357,107,93,1,1,1
22,2,751,317,108,89,1,1,1
22,1,3,846,46,233,1,2,1
22,1,702,499,102,180,1,3,1
22,2,448,355,65,128,1,3,1
22,3,435,279,54,108,1,3,1
22,4,316,250,51,112,1,3,1
22,5,151,881,169,198,1,3,1
22,6,39,582,110,224,1,3,1
22,7,232,145,37,71,1,3,1
22,9,124,127,35,59,1,3,1
22,1,1234,671,435,334,1,4,1
22,2,71,442,143,224,1,4,1
22,8,711,809,444,270,1,0,1
23,1,851,470,326,224,1,0,1
23,2,555,298,188,121,1,0,1
23,3,501,263,156,102,1,0,1
23,4,406,213,118,80,1,0,1
23,5,317,132,100,86,1,0,1
23,6,50,160,149,79,1,0,1
23,7,0,134,70,72,1,0,1
23,1,841,357,107,93,1,1,1
23,2,751,317,108,89,1,1,1
23,1,3,846,46,233,1,2,1
23,1,693,491,100,177,1,3,1
23,2,444,351,64,126,1,3,1
23,3,432,276,53,107,1,3,1
23,4,314,247,51,111,1,3,1
23,5,158,898,172,181,1,3,1
23,6,43,591,112,228,1,3,1
23,7,231,144,36,71,1,3,1
23,9,124,127,33,57,1,3,1
23,1,1234,671,435,334,1,4,1
23,2,73,448,146,228,1,4,1
23,8,700,791,427,288,1,0,1
24,1,851,470,326,224,1,0,1
24,2,555,298,188,121,1,0,1
24,3,501,263,156,102,1,0,1
24,4,406,213,118,80,1,0,1
24,5,317,132,100,86,1,0,1
24,6,52,161,155,77,1,0,1
24,7,0,134,71,73,1,0,1
24,1,841,357,107,93,1,1,1
24,2,751,317,108,89,1,1,1
24,1,3,846,46,233,1,2,1
24,1,679,479,98,173,1,3,1
24,2,438,345,63,124,1,3,1
24,3,427,273,52,104,1,3,1
24,4,310,243,50,110,1,3,1
24,5,168,926,177,153,1,3,1
24,6,50,605,115,233,1,3,1
24,7,228,142,36,71,1,3,1
24,9,122,128,33,53,1,3,1
24,1,1234,671,435,334,1,4,1
24,2,76,458,149,233,1,4,1
24,8,678,764,411,301,1,0,1
25,1,851,470,326,224,1,0,1
25,2,555,298,188,121,1,0,1
25,3,501,263,156,102,1,0,1
25,4,406,213,118,80,1,0,1
25,5,317,132,100,86,1,0,1
25,6,55,161,158,79,1,0,1
25,7,0,135,70,72,1,0,1
25,1,841,357,107,93,1,1,1
25,2,751,317,108,89,1,1,1
25,1,3,846,46,233,1,2,1
25,1,670,472,97,170,1,3,1
25,2,434,341,63,123,1,3,1
25,3,424,270,52,105,1,3,1
25,4,307,240,50,109,1,3,1
25,6,55,614,117,237,1,3,1
25,7,226,141,36,70,1,3,1
25,9,121,127,33,53,1,3,1
25,1,1234,671,435,334,1,4,1
25,2,78,464,151,236,1,4,1
25,8,664,747,400,293,1,0,1
26,1,851,470,326,224,1,0,1
26,2,555,298,188,121,1,0,1
26,3,501,263,156,102,1,0,1
26,4,406,213,118,80,1,0,1
26,5,317,132,100,86,1,0,1
26,6,59,161,159,79,1,0,1
26,7,0,135,70,72,1,0,1
26,1,841,357,107,93,1,1,1
26,2,751,317,108,89,1,1,1
26,1,3,846,51,232,1,2,1
26,1,662,464,95,168,1,3,1
26,2,430,337,62,122,1,3,1
26,3,421,266,52,105,1,3,1
26,4,305,238,49,108,1,3,1
26,6,61,624,118,240,1,3,1
26,7,225,140,36,69,1,3,1
26,9,120,127,32,52,1,3,1
26,1,1234,671,435,334,1,4,1
26,2,80,471,153,239,1,4,1
26,8,650,730,390,286,1,0,1
27,1,851,470,326,224,1,0,1
27,2,555,298,188,121,1,0,1
27,3,501,263,156,102,1,0,1
27,4,406,213,118,80,1,0,1
27,5,317,132,100,86,1,0,1
27,6,60,161,163,82,1,0,1
27,7,0,136,68,77,1,0,1
27,1,841,357,107,93,1,1,1
27,2,751,317,108,89,1,1,1
27,1,3,845,51,233,1,2,1
27,1,654,457,94,166,1,3,1
27,2,427,333,62,122,1,3,1
27,3,420,264,47,100,1,3,1
27,4,303,236,49,107,1,3,1
27,6,67,635,119,242,1,3,1
27,7,224,139,35,68,1,3,1
27,9,118,125,33,53,1,3,1
27,1,1234,671,435,334,1,4,1
27,2,82,477,156,244,1,4,1
27,8,637,714,380,279,1,0,1
28,1,851,470,326,224,1,0,1
28,2,555,298,188,121,1,0,1
28,3,501,263,156,102,1,0,1
28,4,406,213,118,80,1,0,1
28,5,317,132,100,86,1,0,1
28,6,63,162,165,84,1,0,1
28,7,0,136,68,77,1,0,1
28,1,841,357,107,93,1,1,1
28,2,751,317,108,89,1,1,1
28,1,0,834,54,243,1,2,1
28,1,646,450,92,163,1,3,1
28,2,424,330,61,120,1,3,1
28,3,417,262,46,98,1,3,1
28,4,301,234,49,106,1,3,1
28,6,73,645,121,245,1,3,1
28,7,223,138,35,68,1,3,1
28,9,118,126,32,50,1,3,1
28,1,1234,671,435,334,1,4,1
28,2,85,483,159,248,1,4,1
28,8,624,698,374,279,1,0,1
29,1,851,470,326,224,1,0,1
29,2,555,298,188,121,1,0,1
29,3,501,263,156,102,1,0,1
29,4,406,213,118,80,1,0,1
29,5,317,132,100,86,1,0,1
29,6,66,162,168,84,1,0,1
29,7,0,136,68,77,1,0,1
29,1,841,357,107,93,1,1,1
29,2,751,317,108,89,1,1,1
29,1,0,832,54,246,1,2,1
29,1,639,443,91,161,1,3,1
29,2,420,326,61,120,1,3,1
29,3,415,257,45,100,1,3,1
29,4,298,231,48,105,1,3,1
29,6,78,655,123,250,1,3,1
29,7,221,136,35,68,1,3,1
29,9,117,125,32,50,1,3,1
29,1,1234,671,435,334,1,4,1
29,2,87,491,161,251,1,4,1
29,8,612,683,365,272,1,0,1
30,1,851,470,326,224,1,0,1
30,2,555,298,188,121,1,0,1
30,3,501,263,156,102,1,0,1
30,4,406,213,118,80,1,0,1
30,5,317,132,100,86,1,0,1
30,6,69,163,172,83,1,0,1
30,7,0,137,68,77,1,0,1
30,1,841,357,107,93,1,1,1
30,2,751,317,108,89,1,1,1
30,1,0,834,52,244,1,2,1
30,1,632,437,90,159,1,3,1
30,2,417,322,60,118,1,3,1
30,3,412,256,45,98,1,3,1
30,4,296,229,48,105,1,3,1
30,6,83,666,125,255,1,3,1
30,7,220,135,35,67,1,3,1
30,9,116,129,29,45,1,3,1
30,1,1234,671,435,334,1,4,1
30,2,90,497,163,255,1,4,1
30,8,599,668,358,267,1,0,1
31,1,851,470,326,224,1,0,1
31,2,555,298,188,121,1,0,1
31,3,501,263,156,102,1,0,1
31,4,406,213,118,80,1,0,1
31,5,317,132,100,86,1,0,1
31,6,73,163,174,84,1,0,1
31,7,0,137,68,77,1,0,1
31,1,841,357,107,93,1,1,1
31,2,751,317,108,89,1,1,1
31,1,0,833,52,245,1,2,1
31,1,625,430,89,157,1,3,1
31,2,413,319,60,117,1,3,1
31,3,409,255,44,95,1,3,1
31,4,293,227,48,104,1,3,1
31,6,89,677,127,258,1,3,1
31,7,219,134,35,67,1,3,1
31,9,114,129,30,44,1,3,1
31,1,1234,671,435,334,1,4,1
31,2,95,503,168,262,1,4,1
31,8,588,656,350,259,1,0,1
32,1,851,470,326,224,1,0,1
32,2,555,298,188,121,1,0,1
32,3,501,263,156,102,1,0,1
32,4,406,213,118,80,1,0,1
32,5,317,132,100,86,1,0,1
32,6,78,163,175,81,1,0,1
32,7,0,137,69,78,1,0,1
32,1,841,357,107,93,1,1,1
32,2,751,317,108,89,1,1,1
32,1,0,833,52,245,1,2,1
32,1,618,424,87,154,1,3,1
32,2,410,316,59,116,1,3,1
32,3,406,253,43,93,1,3,1
32,4,291,225,47,103,1,3,1
32,6,94,688,129,263,1,3,1
32,7,218,133,34,67,1,3,1
32,9,113,128,30,44,1,3,1
32,1,1234,671,435,334,1,4,1
32,2,97,512,168,263,1,4,1
32,8,577,643,343,253,1,0,1
33,1,851,470,326,224,1,0,1
33,2,555,298,188,121,1,0,1
33,3,501,263,156,102,1,0,1
33,4,406,213,118,80,1,0,1
33,5,317,132,100,86,1,0,1
33,6,82,165,176,78,1,0,1
33,7,0,138,69,78,1,0,1
33,1,841,357,107,93,1,1,1
33,2,751,317,108,89,1,1,1
33,1,0,831,53,247,1,2,1
33,1,611,418,86,153,1,3,1
33,2,407,312,58,115,1,3,1
33,3,403,251,45,95,1,3,1
33,4,288,223,47,102,1,3,1
33,6,100,699,132,267,1,3,1
33,7,217,132,34,66,1,3,1
33,9,111,127,30,44,1,3,1
33,1,1234,671,435,334,1,4,1
33,2,100,519,172,268,1,4,1
33,8,567,630,335,248,1,0,1
34,1,851,470,326,224,1,0,1
34,2,555,298,188,121,1,0,1
34,3,501,263,156,102,1,0,1
34,4,406,213,118,80,1,0,1
34,5,317,132,100,86,1,0,1
34,6,86,167,180,78,1,0,1
34,7,0,138,69,78,1,0,1
34,1,841,357,107,93,1,1,1
34,2,751,317,108,89,1,1,1
34,1,0,832,51,246,1,2,1
34,1,605,412,85,151,1,3,1
34,2,403,309,58,114,1,3,1
34,3,400,247,45,97,1,3,1
34,4,286,221,47,102,1,3,1
34,6,105,712,134,272,1,3,1
34,7,216,131,34,66,1,3,1
34,9,110,126,30,44,1,3,1
34,1,1234,671,435,334,1,4,1
34,2,104,527,175,273,1,4,1
34,8,556,616,330,244,1,0,1
35,1,851,470,326,224,1,0,1
35,2,555,298,188,121,1,0,1
35,3,501,263,156,102,1,0,1
35,4,406,213,118,80,1,0,1
35,5,317,132,100,86,1,0,1
35,6,91,166,181,82,1,0,1
35,7,0,139,69,78,1,0,1
35,1,841,357,107,93,1,1,1
35,2,751,317,108,89,1,1,1
35,1,0,832,52,246,1,2,1
35,1,599,406,84,148,1,3,1
35,2,400,306,57,113,1,3,1
35,3,398,245,45,96,1,3,1
35,4,283,219,46,101,1,3,1
35,6,111,725,136,276,1,3,1
35,7,215,129,34,67,1,3,1
35,1,1234,671,435,334,1,4,1
35,2,108,535,178,278,1,4,1
35,8,546,604,323,239,1,0,1
36,1,851,470,326,224,1,0,1
36,2,555,298,188,121,1,0,1
36,3,501,263,156,102,1,0,1
36,4,406,213,118,80,1,0,1
36,5,317,132,100,86,1,0,1
36,6,96,166,186,79,1,0,1
36,7,0,139,69,78,1,0,1
36,1,841,357,107,93,1,1,1
36,2,751,317,108,89,1,1,1
36,1,0,833,51,244,1,2,1
36,1,590,398,82,146,1,3,1
36,2,395,301,57,112,1,3,1
36,3,393,243,44,93,1,3,1
36,4,280,216,46,100,1,3,1
36,6,119,743,140,285,1,3,1
36,7,213,128,34,67,1,3,1
36,1,1234,671,435,334,1,4,1
36,2,114,547,182,285,1,4,1
36,8,532,587,316,233,1,0,1
37,1,851,470,326,224,1,0,1
37,2,555,298,188,121,1,0,1
37,3,501,263,156,102,1,0,1
37,4,406,213,118,80,1,0,1
37,5,317,132,100,86,1,0,1
37,6,103,167,185,80,1,0,1
37,7,0,139,68,79,1,0,1
37,1,841,357,107,93,1,1,1
37,2,751,317,108,89,1,1,1
37,1,0,834,51,244,1,2,1
37,1,584,392,81,144,1,3,1
37,2,392,298,56,111,1,3,1
37,3,390,241,43,92,1,3,1
37,4,277,215,45,99,1,3,1
37,6,123,756,143,291,1,3,1
37,7,213,127,34,66,1,3,1
37,1,1234,671,435,334,1,4,1
37,2,119,556,185,289,1,4,1
37,8,523,580,310,224,1,0,1
38,1,851,470,326,224,1,0,1
38,2,555,298,188,121,1,0,1
38,3,501,263,156,102,1,0,1
38,4,406,213,118,80,1,0,1
38,5,317,132,100,86,1,0,1
38,6,105,167,193,80,1,0,1
38,7,0,140,69,78,1,0,1
38,1,841,357,107,93,1,1,1
38,2,751,317,108,89,1,1,1
38,1,0,833,51,245,1,2,1
38,1,578,387,80,142,1,3,1
38,2,389,296,56,109,1,3,1
38,3,388,238,42,92,1,3,1
38,4,275,213,45,99,1,3,1
38,6,128,770,146,296,1,3,1
38,7,212,129,34,62,1,3,1
38,1,1234,671,435,334,1,4,1
38,2,123,565,187,293,1,4,1
38,8,515,568,303,222,1,0,1
39,1,851,470,326,224,1,0,1
39,2,555,298,188,121,1,0,1
39,3,501,263,156,102,1,0,1
39,4,406,213,118,80,1,0,1
39,5,317,132,100,86,1,0,1
39,6,111,167,193,82,1,0,1
39,7,0,140,69,79,1,0,1
39,1,841,357,107,93,1,1,1
39,2,751,317,108,89,1,1,1
39,1,0,832,51,246,1,2,1
39,1,572,381,79,140,1,3,1
39,2,385,293,55,108,1,3,1
39,3,385,237,41,91,1,3,1
39,4,273,211,45,98,1,3,1
39,6,133,785,148,294,1,3,1
39,7,211,128,34,61,1,3,1
39,1,1234,671,435,334,1,4,1
39,2,128,574,190,298,1,4,1
39,8,507,558,297,217,1,0,1
40,1,851,470,326,224,1,0,1
40,2,555,298,188,121,1,0,1
40,3,501,263,156,102,1,0,1
40,4,406,213,118,80,1,0,1
40,5,317,132,100,86,1,0,1
40,6,116,167,191,86,1,0,1
40,7,0,140,69,79,1,0,1
40,1,841,357,107,93,1,1,1
40,2,751,317,108,89,1,1,1
40,1,0,832,51,246,1,2,1
40,1,566,376,79,139,1,3,1
40,2,382,291,55,107,1,3,1
40,3,382,235,40,90,1,3,1
40,4,271,209,45,97,1,3,1
40,6,138,799,151,280,1,3,1
40,7,211,127,33,61,1,3,1
40,1,1234,671,435,334,1,4,1
40,2,132,583,194,304,1,4,1
40,8,499,549,292,211,1,0,1
41,1,851,470,326,224,1,0,1
41,2,555,298,188,121,1,0,1
41,3,501,263,156,102,1,0,1
41,4,406,213,118,80,1,0,1
41,5,317,132,100,86,1,0,1
41,6,123,168,185,83,1,0,1
41,7,0,141,69,79,1,0,1
41,1,841,357,107,93,1,1,1
41,2,751,317,108,89,1,1,1
41,1,0,832,52,246,1,2,1
41,1,561,371,78,137,1,3,1
41,2,379,288,54,107,1,3,1
41,3,379,234,40,89,1,3,1
41,4,269,208,44,96,1,3,1
41,6,143,813,155,266,1,3,1
41,7,210,127,33,60,1,3,1
41,1,1234,671,435,334,1,4,1
41,2,136,593,198,310,1,4,1
41,8,491,539,289,209,1,0,1
42,1,851,470,326,224,1,0,1
42,2,555,298,188,121,1,0,1
42,3,501,263,156,102,1,0,1
42,4,406,213,118,80,1,0,1
42,5,317,132,100,86,1,0,1
42,6,128,167,194,88,1,0,1
42,7,0,141,69,79,1,0,1
42,1,841,357,107,93,1,1,1
42,2,751,317,108,89,1,1,1
42,1,0,833,52,245,1,2,1
42,1,555,366,77,136,1,3,1
42,2,376,286,53,105,1,3,1
42,3,377,232,40,88,1,3,1
42,4,267,206,44,96,1,3,1
42,6,147,828,159,251,1,3,1
42,7,210,127,35,59,1,3,1
42,1,1234,671,435,334,1,4,1
42,2,140,604,201,314,1,4,1
42,8,484,530,284,205,1,0,1
43,1,851,470,326,224,1,0,1
43,2,555,298,188,121,1,0,1
43,3,501,263,156,102,1,0,1
43,4,406,213,118,80,1,0,1
43,5,317,132,100,86,1,0,1
43,6,134,168,197,84,1,0,1
43,7,0,141,69,80,1,0,1
43,1,841,357,107,93,1,1,1
43,2,751,317,108,89,1,1,1
43,1,0,833,51,245,1,2,1
43,1,549,361,76,134,1,3,1
43,2,372,282,54,105,1,3,1
43,3,374,230,39,87,1,3,1
43,4,266,204,44,95,1,3,1
43,6,153,844,163,235,1,3,1
43,7,209,128,34,56,1,3,1
43,1,1234,671,435,334,1,4,1
43,2,144,615,204,320,1,4,1
43,8,476,521,279,202,1,0,1
44,1,851,470,326,224,1,0,1
44,2,555,298,188,121,1,0,1
44,3,501,263,156,102,1,0,1
44,4,406,213,118,80,1,0,1
44,5,317,132,100,86,1,0,1
44,6,142,169,196,82,1,0,1
44,7,0,142,69,80,1,0,1
44,1,841,357,107,93,1,1,1
44,2,751,317,108,89,1,1,1
44,1,0,833,51,245,1,2,1
44,1,544,357,75,133,1,3,1
44,2,369,279,53,105,1,3,1
44,3,371,229,38,85,1,3,1
44,4,264,202,44,95,1,3,1
44,6,158,861,167,218,1,3,1
44,7,208,127,34,56,1,3,1
44,1,1234,671,435,334,1,4,1
44,2,148,626,194,324,1,4,1
44,8,469,513,274,198,1,0,1
45,1,851,470,326,224,1,0,1
45,2,555,298,188,121,1,0,1
45,3,501,263,156,102,1,0,1
45,4,406,213,118,80,1,0,1
45,5,317,132,100,86,1,0,1
45,6,149,171,197,79,1,0,1
45,7,0,142,69,80,1,0,1
45,1,841,357,107,93,1,1,1
45,2,751,317,108,89,1,1,1
45,1,0,833,51,245,1,2,1
45,1,538,352,74,131,1,3,1
45,2,366,277,53,104,1,3,1
45,3,369,228,37,83,1,3,1
45,4,262,201,43,94,1,3,1
45,6,164,878,172,201,1,3,1
45,7,208,127,34,56,1,3,1
45,1,1234,671,435,334,1,4,1
45,2,153,638,197,327,1,4,1
45,8,462,504,269,195,1,0,1
46,1,851,470,326,224,1,0,1
46,2,555,298,188,121,1,0,1
46,3,501,263,156,102,1,0,1
46,4,406,213,118,80,1,0,1
46,5,317,132,100,86,1,0,1
46,6,156,171,197,81,1,0,1
46,7,0,143,69,80,1,0,1
46,1,841,357,107,93,1,1,1
46,2,751,317,108,89,1,1,1
46,1,0,833,51,245,1,2,1
46,1,532,347,74,130,1,3,1
46,2,363,274,52,103,1,3,1
46,3,365,225,39,87,1,3,1
46,4,261,200,43,94,1,3,1
46,6,169,895,177,184,1,3,1
46,7,207,126,33,55,1,3,1
46,1,1234,671,435,334,1,4,1
46,2,157,650,204,340,1,4,1
46,8,456,496,265,191,1,0,1
46,11,0,549,106,199,1,3,1
47,1,851,470,326,224,1,0,1
47,2,555,298,188,121,1,0,1
47,3,501,263,156,102,1,0,1
47,4,406,213,118,80,1,0,1
47,5,317,132,100,86,1,0,1
47,6,163,171,198,82,1,0,1
47,7,0,143,70,80,1,0,1
47,1,841,357,107,93,1,1,1
47,2,751,317,108,89,1,1,1
47,1,0,833,52,246,1,2,1
47,1,527,343,73,128,1,3,1
47,2,360,272,52,103,1,3,1
47,3,364,226,35,78,1,3,1
47,4,259,198,43,93,1,3,1
47,6,180,922,172,157,1,3,1
47,7,206,124,34,55,1,3,1
47,1,1234,671,435,334,1,4,1
47,2,161,662,222,347,1,4,1
47,8,449,488,261,188,1,0,1
47,11,0,546,128,202,1,3,1
48,1,851,470,326,224,1,0,1
48,2,555,298,188,121,1,0,1
48,3,501,263,156,102,1,0,1
48,4,406,213,118,80,1,0,1
48,5,317,132,100,86,1,0,1
48,6,175,172,200,82,1,0,1
48,7,0,144,70,80,1,0,1
48,1,841,357,107,93,1,1,1
48,2,751,317,108,89,1,1,1
48,1,0,833,51,246,1,2,1
48,1,518,336,71,126,1,3,1
48,2,355,268,52,101,1,3,1
48,3,360,224,34,76,1,3,1
48,4,257,196,42,92,1,3,1
48,7,205,125,34,53,1,3,1
48,1,1234,671,435,334,1,4,1
48,2,168,682,228,357,1,4,1
48,8,440,476,254,184,1,0,1
48,11,0,542,157,209,1,3,1
49,1,851,470,326,224,1,0,1
49,2,555,298,188,121,1,0,1
49,3,501,263,156,102,1,0,1
49,4,406,213,118,80,1,0,1
49,5,317,132,100,86,1,0,1
49,6,182,172,202,82,1,0,1
49,7,0,145,70,81,1,0,1
49,1,841,357,107,93,1,1,1
49,2,751,317,108,89,1,1,1
49,1,0,833,51,246,1,2,1
49,1,512,332,71,125,1,3,1
49,2,352,266,51,101,1,3,1
49,3,358,218,44,87,1,3,1
49,4,255,195,42,92,1,3,1
49,7,205,126,32,50,1,3,1
49,1,1234,671,435,334,1,4,1
49,2,172,707,216,353,1,4,1
49,8,434,469,251,181,1,0,1
49,11,0,539,175,212,1,3,1
50,1,851,470,326,224,1,0,1
50,2,555,298,188,121,1,0,1
50,3,501,263,156,102,1,0,1
50,4,406,213,118,80,1,0,1
50,5,317,132,100,86,1,0,1
50,6,190,172,202,83,1,0,1
50,7,0,145,70,81,1,0,1
50,1,841,357,107,93,1,1,1
50,2,751,317,108,89,1,1,1
50,1,0,833,51,246,1,2,1
50,1,506,328,70,124,1,3,1
50,2,350,264,51,100,1,3,1
50,3,356,215,43,82,1,3,1
50,4,254,193,42,92,1,3,1
50,7,204,127,33,47,1,3,1
50,1,1234,671,435,334,1,4,1
50,2,177,714,221,365,1,4,1
50,8,428,461,246,178,1,0,1
50,11,0,537,195,211,1,3,1
51,1,851,470,326,224,1,0,1
51,2,555,298,188,121,1,0,1
51,3,501,263,156,102,1,0,1
51,4,406,213,118,80,1,0,1
51,5,317,132,100,86,1,0,1
51,6,198,173,204,84,1,0,1
51,7,0,146,70,81,1,0,1
51,1,841,357,107,93,1,1,1
51,2,751,317,108,89,1,1,1
51,1,0,833,51,246,1,2,1
51,1,501,324,69,122,1,3,1
51,2,347,261,51,100,1,3,1
51,3,354,214,42,81,1,3,1
51,4,252,192,42,91,1,3,1
51,7,203,126,33,46,1,3,1
51,1,1234,671,435,334,1,4,1
51,2,182,729,225,350,1,4,1
51,8,423,454,243,175,1,0,1
51,11,16,533,195,212,1,3,1
52,1,851,470,326,224,1,0,1
52,2,555,298,188,121,1,0,1
52,3,501,263,156,102,1,0,1
52,4,406,213,118,80,1,0,1
52,5,317,132,100,86,1,0,1
52,6,206,173,205,84,1,0,1
52,7,0,146,70,81,1,0,1
52,1,841,357,107,93,1,1,1
52,2,751,317,108,89,1,1,1
52,1,0,833,52,246,1,2,1
52,1,495,320,68,121,1,3,1
52,2,344,259,50,99,1,3,1
52,3,352,212,42,80,1,3,1
52,4,251,190,42,91,1,3,1
52,7,203,126,32,45,1,3,1
52,2,187,745,230,334,1,4,1
52,8,416,447,240,173,1,0,1
52,11,38,531,192,209,1,3,1
53,1,851,470,326,224,1,0,1
53,2,555,298,188,121,1,0,1
53,3,501,263,156,102,1,0,1
53,4,406,213,118,80,1,0,1
53,5,317,132,100,86,1,0,1
53,6,215,173,206,85,1,0,1
53,7,0,147,71,81,1,0,1
53,1,841,357,107,93,1,1,1
53,2,751,317,108,89,1,1,1
53,1,0,833,52,245,1,2,1
53,1,489,316,68,120,1,3,1
53,2,342,257,50,98,1,3,1
53,3,349,211,41,78,1,3,1
53,4,249,189,41,90,1,3,1
53,2,192,760,236,319,1,4,1
53,8,412,441,235,170,1,0,1
53,11,59,529,185,206,1,3,1
54,1,851,470,326,224,1,0,1
54,2,555,298,188,121,1,0,1
54,3,501,263,156,102,1,0,1
54,4,406,213,118,80,1,0,1
54,5,317,132,100,86,1,0,1
54,6,223,173,207,85,1,0,1
54,7,0,148,72,81,1,0,1
54,1,841,357,107,93,1,1,1
54,2,751,317,108,89,1,1,1
54,1,0,833,51,245,1,2,1
54,1,484,312,67,119,1,3,1
54,2,339,255,49,97,1,3,1
54,3,347,210,47,82,1,3,1
54,4,248,188,41,90,1,3,1
54,2,197,776,241,303,1,4,1
54,8,407,434,231,167,1,0,1
54,11,80,527,181,201,1,3,1
55,1,851,470,326,224,1,0,1
55,2,555,298,188,121,1,0,1
55,3,501,263,156,102,1,0,1
55,4,406,213,118,80,1,0,1
55,5,317,132,100,86,1,0,1
55,6,228,174,210,79,1,0,1
55,7,0,148,72,82,1,0,1
55,1,841,357,107,93,1,1,1
55,2,751,317,108,89,1,1,1
55,1,0,833,51,245,1,2,1
55,1,478,308,66,117,1,3,1
55,2,337,253,49,97,1,3,1
55,3,345,209,46,81,1,3,1
55,4,246,187,41,89,1,3,1
55,2,202,793,246,286,1,4,1
55,8,402,428,228,165,1,0,1
55,11,101,523,170,207,1,3,1
55,9,773,672,1130,407,1,0,1
56,1,851,470,326,224,1,0,1
56,2,555,298,188,121,1,0,1
56,3,501,263,156,102,1,0,1
56,4,406,213,118,80,1,0,1
56,5,317,132,100,86,1,0,1
56,6,236,176,203,80,1,0,1
56,7,0,149,72,82,1,0,1
56,1,841,357,107,93,1,1,1
56,2,751,317,108,89,1,1,1
56,1,0,835,52,244,1,2,1
56,1,473,305,66,116,1,3,1
56,2,335,251,49,96,1,3,1
56,3,343,208,46,79,1,3,1
56,4,245,185,41,89,1,3,1
56,2,208,812,251,267,1,4,1
56,8,397,422,225,162,1,0,1
56,11,121,519,164,205,1,3,1
56,9,747,652,1156,427,1,0,1
57,1,851,470,326,224,1,0,1
57,2,555,298,188,121,1,0,1
57,3,501,263,156,102,1,0,1
57,4,406,213,118,80,1,0,1
57,5,317,132,100,86,1,0,1
57,6,241,175,198,79,1,0,1
57,7,0,149,72,82,1,0,1
57,1,841,357,107,93,1,1,1
57,2,751,317,108,89,1,1,1
57,1,0,835,52,244,1,2,1
57,1,467,301,65,115,1,3,1
57,2,333,249,48,95,1,3,1
57,3,341,207,45,78,1,3,1
57,4,243,184,41,89,1,3,1
57,8,392,416,221,160,1,0,1
57,11,146,512,150,209,1,3,1
57,9,722,629,1181,450,1,0,1
58,1,851,470,326,224,1,0,1
58,2,555,298,188,121,1,0,1
58,3,501,263,156,102,1,0,1
58,4,406,213,118,80,1,0,1
58,5,317,132,100,86,1,0,1
58,6,248,176,191,77,1,0,1
58,7,0,150,73,82,1,0,1
58,1,841,357,107,93,1,1,1
58,2,751,317,108,89,1,1,1
58,1,1,836,52,243,1,2,1
58,1,462,297,65,114,1,3,1
58,2,330,247,48,94,1,3,1
58,3,339,205,44,78,1,3,1
58,4,242,183,40,88,1,3,1
58,8,387,410,219,158,1,0,1
58,11,165,509,142,206,1,3,1
58,9,698,605,1121,474,1,0,1
59,1,851,470,326,224,1,0,1
59,2,555,298,188,121,1,0,1
59,3,500,262,157,103,1,0,1
59,4,406,213,118,80,1,0,1
59,5,317,132,100,86,1,0,1
59,6,246,173,193,78,1,0,1
59,7,0,151,73,82,1,0,1
59,1,841,357,107,93,1,1,1
59,2,751,317,108,89,1,1,1
59,1,1,836,52,243,1,2,1
59,1,457,294,64,112,1,3,1
59,2,328,245,47,93,1,3,1
59,3,337,204,43,77,1,3,1
59,4,241,182,40,88,1,3,1
59,8,383,404,216,156,1,0,1
59,11,183,506,136,202,1,3,1
59,9,678,586,1068,493,1,0,1
60,1,851,470,326,224,1,0,1
60,2,555,298,188,121,1,0,1
60,3,501,263,156,102,1,0,1
60,4,406,213,118,80,1,0,1
60,5,317,132,100,86,1,0,1
60,6,274,176,164,74,1,0,1
60,7,0,152,74,83,1,0,1
60,1,841,357,107,93,1,1,1
60,2,751,317,108,89,1,1,1
60,1,2,836,52,243,1,2,1
60,1,449,289,63,111,1,3,1
60,2,325,242,47,92,1,3,1
60,3,334,202,43,76,1,3,1
60,4,239,180,39,87,1,3,1
60,8,376,396,212,153,1,0,1
60,11,209,499,125,200,1,3,1
60,9,649,556,1000,523,1,0,1
61,1,851,470,326,224,1,0,1
61,2,555,298,188,121,1,0,1
61,3,501,263,156,102,1,0,1
61,4,406,213,118,80,1,0,1
61,5,317,132,100,86,1,0,1
61,6,279,177,161,70,1,0,1
61,7,0,152,74,83,1,0,1
61,1,841,357,107,93,1,1,1
61,2,751,317,108,89,1,1,1
61,1,3,836,52,243,1,2,1
61,1,445,286,63,110,1,3,1
61,2,323,241,47,92,1,3,1
61,3,332,201,42,75,1,3,1
61,4,238,179,39,86,1,3,1
61,8,371,391,209,151,1,0,1
61,11,224,495,123,196,1,3,1
61,9,633,540,955,539,1,0,1
62,1,851,470,326,224,1,0,1
62,2,555,298,188,121,1,0,1
62,3,501,263,156,102,1,0,1
62,4,406,213,118,80,1,0,1
62,5,317,132,100,86,1,0,1
62,6,286,178,185,69,1,0,1
62,7,0,153,74,83,1,0,1
62,1,841,357,107,93,1,1,1
62,2,751,317,108,89,1,1,1
62,1,4,837,52,242,1,2,1
62,1,440,282,62,109,1,3,1
62,2,321,239,46,91,1,3,1
62,3,330,200,42,74,1,3,1
62,4,236,178,39,86,1,3,1
62,8,367,386,207,149,1,0,1
62,11,239,489,113,195,1,3,1
62,9,613,525,918,554,1,0,1
63,1,851,470,326,224,1,0,1
63,2,555,298,188,121,1,0,1
63,3,501,263,156,102,1,0,1
63,4,406,213,118,80,1,0,1
63,5,317,132,100,86,1,0,1
63,6,295,177,176,67,1,0,1
63,7,1,154,74,84,1,0,1
63,1,841,357,107,93,1,1,1
63,2,751,317,108,89,1,1,1
63,1,6,838,51,240,1,2,1
63,1,435,279,61,108,1,3,1
63,2,319,219,46,109,1,3,1
63,3,329,199,41,73,1,3,1
63,4,236,177,39,85,1,3,1
63,8,373,382,197,158,1,0,1
63,11,252,485,111,191,1,3,1
63,9,598,504,883,575,1,0,1
63,1,1265,669,404,339,1,4,1
64,1,851,470,326,224,1,0,1
64,2,555,298,188,121,1,0,1
64,3,501,263,156,102,1,0,1
64,4,406,213,118,80,1,0,1
64,5,317,132,100,86,1,0,1
64,6,303,175,167,68,1,0,1
64,7,1,154,75,84,1,0,1
64,1,841,357,107,93,1,1,1
64,2,751,317,108,89,1,1,1
64,1,0,841,59,237,1,2,1
64,1,431,276,61,106,1,3,1
64,2,317,235,46,90,1,3,1
64,3,327,197,41,73,1,3,1
64,4,235,175,39,85,1,3,1
64,8,358,378,208,155,1,0,1
64,11,265,478,109,191,1,3,1
64,9,584,493,846,586,1,0,1
64,1,1267,675,402,332,1,4,1
65,1,851,470,326,224,1,0,1
65,2,555,298,188,121,1,0,1
65,3,501,263,156,102,1,0,1
65,4,406,213,118,80,1,0,1
65,5,317,132,100,86,1,0,1
65,6,311,180,159,63,1,0,1
65,7,1,155,75,84,1,0,1
65,1,841,357,107,93,1,1,1
65,2,751,317,108,89,1,1,1
65,1,1,845,63,234,1,2,1
65,1,427,273,60,105,1,3,1
65,2,315,234,46,90,1,3,1
65,3,324,196,41,72,1,3,1
65,4,234,175,38,84,1,3,1
65,8,354,373,206,153,1,0,1
65,11,276,473,103,189,1,3,1
65,9,569,479,817,600,1,0,1
65,1,1262,673,407,334,1,4,1
66,1,851,470,326,224,1,0,1
66,2,555,298,188,121,1,0,1
66,3,501,263,156,102,1,0,1
66,4,406,213,118,80,1,0,1
66,5,317,132,100,86,1,0,1
66,6,317,182,165,72,1,0,1
66,7,1,156,75,84,1,0,1
66,1,841,357,107,93,1,1,1
66,2,751,317,108,89,1,1,1
66,1,6,848,63,231,1,2,1
66,1,423,270,59,104,1,3,1
66,2,313,232,46,89,1,3,1
66,3,322,195,41,71,1,3,1
66,4,234,174,38,83,1,3,1
66,8,350,368,203,151,1,0,1
66,11,287,468,101,186,1,3,1
66,9,557,468,789,611,1,0,1
66,1,1260,675,409,330,1,4,1
67,1,851,470,326,224,1,0,1
67,2,555,298,188,121,1,0,1
67,3,501,263,156,102,1,0,1
67,4,406,213,118,80,1,0,1
67,5,317,132,100,86,1,0,1
67,6,320,179,173,72,1,0,1
67,7,1,156,76,85,1,0,1
67,1,841,357,107,93,1,1,1
67,2,751,317,108,89,1,1,1
67,1,2,857,73,222,1,2,1
67,1,419,267,59,103,1,3,1
67,2,311,230,46,89,1,3,1
67,3,320,194,40,70,1,3,1
67,4,234,173,37,83,1,3,1
67,8,346,364,201,149,1,0,1
67,11,296,463,100,183,1,3,1
67,9,546,450,762,629,1,0,1
67,1,1262,675,407,330,1,4,1
68,1,851,470,326,224,1,0,1
68,2,555,298,188,121,1,0,1
68,3,501,263,156,102,1,0,1
68,4,406,213,118,80,1,0,1
68,5,317,132,100,86,1,0,1
68,6,294,176,176,67,1,0,1
68,7,1,157,76,85,1,0,1
68,1,841,357,107,93,1,1,1
68,2,751,317,108,89,1,1,1
68,1,0,858,81,221,1,2,1
68,1,415,265,58,102,1,3,1
68,2,309,229,45,88,1,3,1
68,3,319,193,40,70,1,3,1
68,4,233,171,37,83,1,3,1
68,8,342,359,199,148,1,0,1
68,11,306,457,100,183,1,3,1
68,9,534,443,737,636,1,0,1
68,1,1257,675,412,329,1,4,1
69,1,851,470,326,224,1,0,1
69,2,555,298,188,121,1,0,1
69,3,501,263,156,102,1,0,1
69,4,406,213,118,80,1,0,1
69,5,317,132,100,86,1,0,1
69,6,316,179,154,64,1,0,1
69,7,1,158,76,86,1,0,1
69,1,841,357,107,93,1,1,1
69,2,751,317,108,89,1,1,1
69,1,6,859,81,220,1,2,1
69,1,412,263,57,100,1,3,1
69,2,307,228,45,87,1,3,1
69,3,317,192,40,70,1,3,1
69,4,233,170,37,82,1,3,1
69,8,338,354,197,146,1,0,1
69,11,314,453,98,180,1,3,1
69,9,522,433,715,646,1,0,1
69,1,1248,672,421,332,1,4,1
70,1,851,470,326,224,1,0,1
70,2,555,298,188,121,1,0,1
70,3,501,263,156,102,1,0,1
70,4,406,213,118,80,1,0,1
70,5,317,132,100,86,1,0,1
70,7,1,158,77,86,1,0,1
70,1,841,357,107,93,1,1,1
70,2,751,317,108,89,1,1,1
70,1,5,861,88,218,1,2,1
70,1,407,260,57,100,1,3,1
70,2,305,226,44,87,1,3,1
70,3,315,191,39,69,1,3,1
70,4,233,169,37,82,1,3,1
70,8,334,350,195,145,1,0,1
70,11,322,448,92,177,1,3,1
70,9,511,423,696,656,1,0,1
70,1,1235,676,435,329,1,4,1
71,1,852,470,325,224,1,0,1
71,2,555,298,188,121,1,0,1
71,3,501,263,156,102,1,0,1
71,4,406,213,118,80,1,0,1
71,5,317,132,100,86,1,0,1
71,7,2,160,77,86,1,0,1
71,1,841,357,107,93,1,1,1
71,2,751,317,108,89,1,1,1
71,1,12,863,87,216,1,2,1
71,1,404,257,56,98,1,3,1
71,2,302,224,44,86,1,3,1
71,3,314,190,38,67,1,3,1
71,4,234,168,36,81,1,3,1
71,8,330,346,192,143,1,0,1
71,11,329,443,91,175,1,3,1
71,9,500,414,679,662,1,0,1
71,1,1235,673,434,333,1,4,1
72,1,852,470,325,224,1,0,1
72,2,555,298,188,121,1,0,1
72,3,501,263,156,102,1,0,1
72,4,406,213,118,80,1,0,1
72,5,317,132,100,86,1,0,1
72,7,2,161,78,87,1,0,1
72,1,841,357,107,93,1,1,1
72,2,751,317,108,89,1,1,1
72,1,22,867,87,212,1,2,1
72,1,399,253,56,98,1,3,1
72,2,298,221,44,86,1,3,1
72,3,310,189,37,65,1,3,1
72,4,235,166,36,81,1,3,1
72,8,325,339,189,140,1,0,1
72,11,339,435,89,171,1,3,1
72,9,485,399,653,629,1,0,1
72,1,1233,675,436,330,1,4,1
73,1,852,470,325,224,1,0,1
73,2,555,298,188,121,1,0,1
73,3,501,263,156,102,1,0,1
73,4,406,213,118,80,1,0,1
73,5,317,132,100,86,1,0,1
73,7,2,162,78,87,1,0,1
73,1,841,357,107,93,1,1,1
73,2,751,317,108,89,1,1,1
73,1,30,869,87,210,1,2,1
73,1,395,250,55,97,1,3,1
73,2,296,219,44,85,1,3,1
73,3,309,187,37,65,1,3,1
73,4,235,165,36,81,1,3,1
73,8,321,335,187,139,1,0,1
73,11,345,430,88,170,1,3,1
73,9,476,391,636,613,1,0,1
73,1,1233,673,437,334,1,4,1
74,1,852,470,325,224,1,0,1
74,2,555,298,188,121,1,0,1
74,3,501,263,156,102,1,0,1
74,4,406,213,118,80,1,0,1
74,5,317,132,100,86,1,0,1
74,7,2,163,78,87,1,0,1
74,1,841,357,107,93,1,1,1
74,2,751,317,108,89,1,1,1
74,1,40,869,88,210,1,2,1
74,1,392,248,54,95,1,3,1
74,2,294,217,43,85,1,3,1
74,3,307,186,37,65,1,3,1
74,4,236,164,36,80,1,3,1
74,8,317,331,185,138,1,0,1
74,11,351,425,86,166,1,3,1
74,9,467,382,620,597,1,0,1
74,1,1233,673,437,334,1,4,1
75,1,852,470,325,224,1,0,1
75,2,555,298,188,121,1,0,1
75,3,501,263,156,102,1,0,1
75,4,406,213,118,80,1,0,1
75,5,317,132,100,86,1,0,1
75,7,0,165,80,87,1,0,1
75,1,841,357,107,93,1,1,1
75,2,751,317,108,89,1,1,1
75,1,46,868,94,211,1,2,1
75,1,389,246,53,94,1,3,1
75,2,292,215,43,84,1,3,1
75,3,306,185,37,64,1,3,1
75,4,237,163,36,80,1,3,1
75,8,324,328,172,135,1,0,1
75,11,356,420,85,163,1,3,1
75,9,463,375,603,591,1,0,1
75,1,1233,673,437,334,1,4,1
76,1,852,470,325,224,1,0,1
76,2,555,298,188,121,1,0,1
76,3,501,263,156,102,1,0,1
76,4,402,210,123,83,1,0,1
76,5,317,132,100,86,1,0,1
76,7,0,166,81,87,1,0,1
76,1,841,357,107,93,1,1,1
76,2,751,317,108,89,1,1,1
76,1,57,867,94,212,1,2,1
76,1,386,243,53,93,1,3,1
76,2,289,213,43,84,1,3,1
76,3,303,183,37,65,1,3,1
76,4,237,162,36,79,1,3,1
76,8,320,324,170,134,1,0,1
76,11,361,415,83,161,1,3,1
76,9,455,369,589,577,1,0,1
76,1,1233,673,437,334,1,4,1
77,1,852,470,325,224,1,0,1
77,2,555,298,188,121,1,0,1
77,3,501,263,156,102,1,0,1
77,4,406,213,118,80,1,0,1
77,5,317,132,100,86,1,0,1
77,7,0,167,81,88,1,0,1
77,1,841,357,107,93,1,1,1
77,2,751,317,108,89,1,1,1
77,1,68,866,95,212,1,2,1
77,1,382,241,53,92,1,3,1
77,2,287,212,42,83,1,3,1
77,3,302,183,37,64,1,3,1
77,4,238,161,36,79,1,3,1
77,8,317,320,169,132,1,0,1
77,11,366,410,83,159,1,3,1
77,9,446,361,578,566,1,0,1
77,1,1233,673,437,334,1,4,1
78,1,852,470,325,224,1,0,1
78,2,555,298,188,121,1,0,1
78,3,501,263,156,102,1,0,1
78,4,406,213,118,80,1,0,1
78,5,317,132,100,86,1,0,1
78,7,1,168,82,90,1,0,1
78,1,841,357,107,93,1,1,1
78,2,751,317,108,89,1,1,1
78,1,78,867,94,212,1,2,1
78,1,379,239,52,92,1,3,1
78,2,284,211,42,83,1,3,1
78,3,299,180,38,66,1,3,1
78,4,239,160,35,78,1,3,1
78,8,313,316,167,131,1,0,1
78,11,370,405,76,160,1,3,1
78,9,439,354,565,556,1,0,1
78,1,1233,673,437,334,1,4,1
79,1,852,470,325,224,1,0,1
79,2,555,298,188,121,1,0,1
79,3,501,263,156,102,1,0,1
79,4,406,213,118,80,1,0,1
79,5,317,132,100,86,1,0,1
79,7,1,169,83,91,1,0,1
79,1,841,357,107,93,1,1,1
79,2,751,317,108,89,1,1,1
79,1,88,869,95,210,1,2,1
79,1,376,236,52,91,1,3,1
79,2,282,209,42,82,1,3,1
79,3,300,180,36,64,1,3,1
79,4,239,159,35,78,1,3,1
79,8,309,312,165,129,1,0,1
79,11,374,400,75,158,1,3,1
79,9,431,347,553,544,1,0,1
79,1,1233,673,437,334,1,4,1
80,1,852,470,325,224,1,0,1
80,2,555,298,188,121,1,0,1
80,3,501,263,156,102,1,0,1
80,4,406,213,118,80,1,0,1
80,5,317,132,100,86,1,0,1
80,7,1,170,83,91,1,0,1
80,1,841,357,107,93,1,1,1
80,2,751,317,108,89,1,1,1
80,1,99,871,96,208,1,2,1
80,1,373,234,52,91,1,3,1
80,2,279,207,41,81,1,3,1
80,3,296,178,36,64,1,3,1
80,4,240,158,35,78,1,3,1
80,8,306,309,163,128,1,0,1
80,11,378,395,74,156,1,3,1
80,9,423,338,543,535,1,0,1
80,1,1233,673,437,334,1,4,1
81,1,852,470,325,224,1,0,1
81,2,555,298,188,121,1,0,1
81,3,501,263,156,102,1,0,1
81,4,406,213,118,80,1,0,1
81,5,317,132,100,86,1,0,1
81,7,0,172,85,91,1,0,1
81,1,841,357,107,93,1,1,1
81,2,751,317,108,89,1,1,1
81,1,116,871,90,208,1,2,1
81,1,370,232,51,89,1,3,1
81,2,278,206,41,81,1,3,1
81,3,297,178,36,63,1,3,1
81,4,240,157,35,77,1,3,1
81,8,302,305,162,127,1,0,1
81,11,381,390,73,154,1,3,1
81,9,416,333,532,524,1,0,1
81,1,1233,673,437,334,1,4,1
82,1,852,470,325,224,1,0,1
82,2,555,298,188,121,1,0,1
82,3,501,263,156,102,1,0,1
82,4,406,213,118,80,1,0,1
82,5,317,132,100,86,1,0,1
82,7,1,173,85,91,1,0,1
82,1,841,357,107,93,1,1,1
82,2,751,317,108,89,1,1,1
82,1,127,871,92,208,1,2,1
82,1,367,230,50,88,1,3,1
82,2,275,204,40,80,1,3,1
82,3,296,177,36,63,1,3,1
82,4,240,156,35,77,1,3,1
82,8,299,302,159,125,1,0,1
82,11,385,385,72,152,1,3,1
82,9,409,327,522,514,1,0,1
82,1,1233,673,437,334,1,4,1
83,1,852,470,325,224,1,0,1
83,2,555,298,188,121,1,0,1
83,3,501,263,156,102,1,0,1
83,4,406,213,118,80,1,0,1
83,5,317,132,100,86,1,0,1
83,7,0,174,87,91,1,0,1
83,1,841,357,107,93,1,1,1
83,2,751,317,108,89,1,1,1
83,1,137,873,93,206,1,2,1
83,1,364,228,49,86,1,3,1
83,2,273,203,41,80,1,3,1
83,4,241,155,34,76,1,3,1
83,8,296,298,158,124,1,0,1
83,11,388,380,71,150,1,3,1
83,9,402,321,513,504,1,0,1
83,1,1233,673,437,334,1,4,1
83,3,292,175,40,72,1,3,1
84,1,852,470,325,224,1,0,1
84,2,555,298,188,121,1,0,1
84,3,501,263,156,102,1,0,1
84,4,406,213,118,80,1,0,1
84,5,317,132,100,86,1,0,1
84,7,0,173,88,94,1,0,1
84,1,841,357,107,93,1,1,1
84,2,751,317,108,89,1,1,1
84,1,152,870,93,209,1,2,1
84,1,360,225,48,84,1,3,1
84,2,270,200,40,79,1,3,1
84,4,241,153,34,76,1,3,1
84,8,291,293,155,122,1,0,1
84,9,392,312,499,491,1,0,1
84,1,1233,673,437,334,1,4,1
84,3,291,173,38,73,1,3,1
85,1,852,470,325,224,1,0,1
85,2,555,298,188,121,1,0,1
85,3,501,263,156,102,1,0,1
85,4,406,213,118,80,1,0,1
85,5,317,132,100,86,1,0,1
85,7,0,174,89,95,1,0,1
85,1,841,357,107,93,1,1,1
85,2,751,317,108,89,1,1,1
85,1,161,872,93,207,1,2,1
85,1,357,224,47,83,1,3,1
85,2,269,199,40,79,1,3,1
85,4,241,152,34,76,1,3,1
85,8,288,290,153,120,1,0,1
85,9,385,307,490,482,1,0,1
85,1,1233,673,437,334,1,4,1
85,3,291,173,38,71,1,3,1
86,1,852,470,325,224,1,0,1
86,2,555,298,188,121,1,0,1
86,3,501,263,156,102,1,0,1
86,4,406,213,118,80,1,0,1
86,5,317,132,100,86,1,0,1
86,7,0,172,90,98,1,0,1
86,1,841,357,107,93,1,1,1
86,2,751,317,108,89,1,1,1
86,1,172,875,93,204,1,2,1
86,1,354,222,47,82,1,3,1
86,2,267,197,39,78,1,3,1
86,4,241,152,34,75,1,3,1
86,8,285,287,152,119,1,0,1
86,9,378,301,481,474,1,0,1
86,1,1233,673,437,334,1,4,1
86,3,292,169,39,75,1,3,1
87,1,852,470,325,224,1,0,1
87,2,555,298,188,121,1,0,1
87,3,501,263,156,102,1,0,1
87,4,406,213,118,80,1,0,1
87,5,317,132,100,86,1,0,1
87,7,0,175,91,98,1,0,1
87,1,841,357,107,93,1,1,1
87,2,751,317,108,89,1,1,1
87,1,183,877,93,202,1,2,1
87,1,351,220,46,81,1,3,1
87,2,266,196,39,78,1,3,1
87,4,241,151,34,75,1,3,1
87,8,282,284,150,118,1,0,1
87,9,372,296,473,466,1,0,1
87,1,1233,673,437,334,1,4,1
87,3,290,169,40,75,1,3,1
88,1,852,470,325,224,1,0,1
88,2,555,298,188,121,1,0,1
88,3,501,263,156,102,1,0,1
88,4,406,213,118,80,1,0,1
88,5,317,132,100,86,1,0,1
88,7,0,175,92,99,1,0,1
88,1,841,357,107,93,1,1,1
88,2,751,317,108,89,1,1,1
88,1,197,876,94,203,1,2,1
88,1,348,218,45,80,1,3,1
88,2,265,194,39,77,1,3,1
88,4,241,150,33,74,1,3,1
88,8,279,280,149,117,1,0,1
88,9,365,291,465,458,1,0,1
88,1,1233,673,437,334,1,4,1
88,3,287,169,43,72,1,3,1
89,1,852,470,325,224,1,0,1
89,2,555,298,188,121,1,0,1
89,4,406,213,118,80,1,0,1
89,5,317,132,100,86,1,0,1
89,7,0,180,93,96,1,0,1
89,1,841,357,107,93,1,1,1
89,2,751,317,108,89,1,1,1
89,1,210,875,94,204,1,2,1
89,1,345,217,44,78,1,3,1
89,2,264,193,39,77,1,3,1
89,4,241,149,33,74,1,3,1
89,8,276,277,148,116,1,0,1
89,9,358,286,457,450,1,0,1
89,1,1233,673,437,334,1,4,1
89,3,286,168,43,72,1,3,1
90,1,852,470,325,224,1,0,1
90,2,555,298,188,121,1,0,1
90,4,406,213,118,80,1,0,1
90,5,317,132,100,86,1,0,1
90,7,0,177,94,100,1,0,1
90,1,841,357,107,93,1,1,1
90,2,751,317,108,89,1,1,1
90,1,222,875,94,204,1,2,1
90,1,342,215,44,77,1,3,1
90,2,263,191,38,76,1,3,1
90,4,241,148,33,73,1,3,1
90,8,273,274,146,115,1,0,1
90,9,351,281,450,443,1,0,1
90,1,1233,673,437,334,1,4,1
90,3,286,168,42,71,1,3,1
91,1,852,470,325,224,1,0,1
91,2,555,298,188,121,1,0,1
91,4,406,213,118,80,1,0,1
91,5,317,132,100,86,1,0,1
91,7,1,180,94,98,1,0,1
91,1,841,357,107,93,1,1,1
91,2,751,317,108,89,1,1,1
91,1,232,876,94,203,1,2,1
91,1,339,213,43,76,1,3,1
91,2,262,190,38,76,1,3,1
91,4,240,147,33,73,1,3,1
91,8,270,271,145,114,1,0,1
91,9,345,275,442,435,1,0,1
91,1,1233,673,437,334,1,4,1
91,3,285,166,43,71,1,3,1
92,1,852,470,325,224,1,0,1
92,2,555,298,188,121,1,0,1
92,4,406,213,118,80,1,0,1
92,5,317,132,100,86,1,0,1
92,7,0,181,96,100,1,0,1
92,1,841,357,107,93,1,1,1
92,2,751,317,108,89,1,1,1
92,1,243,878,93,201,1,2,1
92,1,336,211,42,75,1,3,1
92,2,261,188,38,75,1,3,1
92,4,240,146,33,73,1,3,1
92,8,268,268,143,113,1,0,1
92,9,338,270,434,427,1,0,1
92,1,1233,673,437,334,1,4,1
92,3,284,165,42,71,1,3,1
93,1,852,470,325,224,1,0,1
93,2,555,298,188,121,1,0,1
93,4,406,213,118,80,1,0,1
93,5,317,132,100,86,1,0,1
93,7,0,181,97,101,1,0,1
93,1,841,357,107,93,1,1,1
93,2,751,317,108,89,1,1,1
93,1,254,882,93,197,1,2,1
93,1,333,209,42,73,1,3,1
93,2,260,187,38,75,1,3,1
93,4,239,145,32,72,1,3,1
93,8,265,265,142,111,1,0,1
93,9,331,266,427,420,1,0,1
93,1,1233,673,437,334,1,4,1
93,3,284,164,42,70,1,3,1
94,1,852,470,325,224,1,0,1
94,2,555,298,188,121,1,0,1
94,4,406,213,118,80,1,0,1
94,5,317,132,100,86,1,0,1
94,7,0,181,98,103,1,0,1
94,1,841,357,107,93,1,1,1
94,2,751,317,108,89,1,1,1
94,1,266,885,93,194,1,2,1
94,1,330,208,41,72,1,3,1
94,2,259,186,38,75,1,3,1
94,4,239,144,32,71,1,3,1
94,8,262,262,141,110,1,0,1
94,9,325,261,419,413,1,0,1
94,1,1233,673,437,334,1,4,1
94,3,284,163,42,70,1,3,1
95,1,852,470,325,224,1,0,1
95,2,556,298,188,121,1,0,1
95,4,406,213,118,80,1,0,1
95,5,317,132,100,86,1,0,1
95,7,0,186,99,100,1,0,1
95,1,841,357,107,93,1,1,1
95,2,751,317,108,89,1,1,1
95,1,279,887,94,192,1,2,1
95,1,327,206,40,70,1,3,1
95,2,258,184,38,74,1,3,1
95,4,238,143,32,71,1,3,1
95,8,260,259,139,109,1,0,1
95,9,319,257,412,406,1,0,1
95,1,1233,673,437,334,1,4,1
95,3,283,162,41,69,1,3,1
96,1,852,470,325,224,1,0,1
96,2,556,298,187,121,1,0,1
96,4,406,213,118,80,1,0,1
96,5,317,132,100,86,1,0,1
96,7,1,188,100,101,1,0,1
96,1,841,357,107,93,1,1,1
96,2,751,317,108,89,1,1,1
96,1,299,889,94,190,1,2,1
96,1,322,204,39,69,1,3,1
96,2,257,182,37,74,1,3,1
96,4,237,141,32,71,1,3,1
96,8,256,255,137,108,1,0,1
96,9,309,250,402,395,1,0,1
96,1,1233,673,437,334,1,4,1
96,3,282,161,41,69,1,3,1
97,1,852,470,325,224,1,0,1
97,2,556,298,187,121,1,0,1
97,5,317,132,100,86,1,0,1
97,7,1,189,100,101,1,0,1
97,1,841,357,107,93,1,1,1
97,2,751,317,108,89,1,1,1
97,1,311,889,93,190,1,2,1
97,1,319,202,39,68,1,3,1
97,2,256,181,37,73,1,3,1
97,4,236,140,32,71,1,3,1
97,8,253,252,136,107,1,0,1
97,9,303,246,394,388,1,0,1
97,1,1233,673,437,334,1,4,1
97,3,281,160,41,69,1,3,1
98,1,852,470,325,224,1,0,1
98,2,556,298,187,121,1,0,1
98,5,317,132,100,86,1,0,1
98,7,1,190,101,102,1,0,1
98,1,841,357,107,93,1,1,1
98,2,751,317,108,89,1,1,1
98,1,322,889,94,190,1,2,1
98,1,316,201,38,67,1,3,1
98,2,255,179,37,73,1,3,1
98,4,236,139,32,71,1,3,1
98,8,251,249,135,106,1,0,1
98,9,297,242,387,381,1,0,1
98,1,1233,673,437,334,1,4,1
98,3,280,159,41,69,1,3,1
99,1,852,470,325,224,1,0,1
99,2,556,298,187,121,1,0,1
99,5,317,132,100,86,1,0,1
99,7,0,193,103,100,1,0,1
99,1,841,357,107,93,1,1,1
99,2,751,317,108,89,1,1,1
99,1,333,890,94,189,1,2,1
99,1,313,199,38,66,1,3,1
99,2,254,178,37,73,1,3,1
99,4,235,139,32,70,1,3,1
99,8,248,247,134,105,1,0,1
99,9,291,237,380,374,1,0,1
99,1,1233,673,437,334,1,4,1
99,3,280,158,41,69,1,3,1
100,1,852,470,325,224,1,0,1
100,2,556,298,187,121,1,0,1
100,5,317,132,100,86,1,0,1
100,7,0,194,104,101,1,0,1
100,1,841,357,107,93,1,1,1
100,2,751,317,108,89,1,1,1
100,1,344,892,95,187,1,2,1
100,1,311,197,37,65,1,3,1
100,2,253,177,36,72,1,3,1
100,4,235,138,31,70,1,3,1
100,8,246,244,133,104,1,0,1
100,9,286,233,374,368,1,0,1
100,1,1233,673,437,334,1,4,1
100,3,279,157,41,68,1,3,1
101,1,852,470,325,224,1,0,1
101,2,556,298,187,121,1,0,1
101,5,317,132,100,86,1,0,1
101,7,1,195,104,101,1,0,1
101,1,841,357,107,93,1,1,1
101,2,751,317,108,89,1,1,1
101,1,356,892,96,187,1,2,1
101,1,308,196,37,65,1,3,1
101,2,252,176,36,72,1,3,1
101,4,234,137,31,70,1,3,1
101,8,244,242,132,103,1,0,1
101,9,280,229,367,361,1,0,1
101,1,1233,673,437,334,1,4,1
101,3,278,156,41,68,1,3,1
102,1,852,470,325,224,1,0,1
102,2,556,298,188,121,1,0,1
102,5,317,132,100,86,1,0,1
102,7,2,197,105,102,1,0,1
102,1,841,357,107,93,1,1,1
102,2,751,317,108,89,1,1,1
102,1,370,892,96,187,1,2,1
102,1,305,194,36,64,1,3,1
102,2,250,174,36,72,1,3,1
102,4,234,136,31,69,1,3,1
102,8,241,239,130,102,1,0,1
102,9,275,225,361,355,1,0,1
102,1,1233,673,437,334,1,4,1
102,3,277,155,41,68,1,3,1
103,1,852,470,325,224,1,0,1
103,2,556,298,188,121,1,0,1
103,5,317,132,100,86,1,0,1
103,7,2,198,105,102,1,0,1
103,1,841,357,107,93,1,1,1
103,2,751,317,108,89,1,1,1
103,1,384,891,96,188,1,2,1
103,1,302,192,36,63,1,3,1
103,2,249,173,36,71,1,3,1
103,4,234,135,31,69,1,3,1
103,8,239,237,129,101,1,0,1
103,9,270,222,355,349,1,0,1
103,1,1233,673,437,334,1,4,1
103,3,276,154,40,68,1,3,1
104,1,852,470,325,224,1,0,1
104,2,556,298,188,121,1,0,1
104,5,317,132,100,86,1,0,1
104,7,0,200,109,102,1,0,1
104,1,841,357,107,93,1,1,1
104,2,751,317,108,89,1,1,1
104,1,395,891,96,188,1,2,1
104,1,299,190,36,63,1,3,1
104,2,249,172,36,70,1,3,1
104,4,233,134,31,68,1,3,1
104,8,237,235,128,100,1,0,1
104,9,265,218,349,343,1,0,1
104,1,1233,673,437,334,1,4,1
104,3,275,153,40,67,1,3,1
105,1,852,470,325,224,1,0,1
105,2,556,298,188,121,1,0,1
105,5,317,132,100,86,1,0,1
105,7,0,201,110,103,1,0,1
105,1,841,357,107,93,1,1,1
105,2,751,317,108,89,1,1,1
105,1,406,890,96,189,1,2,1
105,1,296,188,36,63,1,3,1
105,2,247,171,36,70,1,3,1
105,4,233,133,31,68,1,3,1
105,8,235,232,126,99,1,0,1
105,9,260,214,343,337,1,0,1
105,1,1233,673,437,334,1,4,1
105,3,270,152,38,64,1,3,1
106,1,852,470,325,224,1,0,1
106,2,556,298,187,121,1,0,1
106,5,317,132,100,86,1,0,1
106,7,1,203,110,103,1,0,1
106,1,841,357,107,93,1,1,1
106,2,751,317,108,89,1,1,1
106,1,416,891,97,188,1,2,1
106,1,294,187,35,62,1,3,1
106,2,246,170,35,70,1,3,1
106,4,233,132,31,68,1,3,1
106,8,233,230,125,98,1,0,1
106,9,255,210,337,332,1,0,1
106,1,1233,673,437,334,1,4,1
106,3,269,151,38,63,1,3,1
107,1,852,470,325,224,1,0,1
107,2,556,298,187,121,1,0,1
107,5,317,132,100,86,1,0,1
107,7,2,204,111,104,1,0,1
107,1,841,357,107,93,1,1,1
107,2,751,317,108,89,1,1,1
107,1,427,894,97,185,1,2,1
107,1,291,186,35,62,1,3,1
107,2,246,169,35,69,1,3,1
107,4,233,131,30,67,1,3,1
107,8,231,228,124,97,1,0,1
107,9,251,207,332,326,1,0,1
107,1,1233,673,437,334,1,4,1
107,3,268,150,38,63,1,3,1
108,1,852,470,325,224,1,0,1
108,2,556,298,187,121,1,0,1
108,5,317,132,100,86,1,0,1
108,7,2,207,112,105,1,0,1
108,1,841,357,107,93,1,1,1
108,2,751,317,108,89,1,1,1
108,1,445,899,97,180,1,2,1
108,1,287,183,34,60,1,3,1
108,2,244,167,34,68,1,3,1
108,4,233,130,30,67,1,3,1
108,8,228,225,122,96,1,0,1
108,9,244,202,323,318,1,0,1
108,1,1233,673,437,334,1,4,1
108,3,267,149,37,62,1,3,1
109,1,852,470,325,224,1,0,1
109,2,555,298,188,121,1,0,1
109,5,317,132,100,86,1,0,1
109,7,0,210,116,98,1,0,1
109,1,841,357,107,93,1,1,1
109,2,751,317,108,89,1,1,1
109,1,459,900,98,179,1,2,1
109,1,285,182,33,58,1,3,1
109,2,243,166,35,68,1,3,1
109,4,233,130,30,66,1,3,1
109,8,226,222,121,95,1,0,1
109,9,239,198,318,313,1,0,1
109,1,1233,673,437,334,1,4,1
109,3,266,148,37,62,1,3,1
109,10,0,148,78,91,1,0,1
110,1,852,470,325,224,1,0,1
110,2,555,298,188,121,1,0,1
110,5,317,132,100,86,1,0,1
110,7,0,205,117,106,1,0,1
110,1,841,357,107,93,1,1,1
110,2,751,317,108,89,1,1,1
110,1,471,901,98,178,1,2,1
110,1,282,180,32,56,1,3,1
110,2,243,166,33,66,1,3,1
110,4,233,129,30,66,1,3,1
110,8,224,220,120,94,1,0,1
110,9,235,195,313,308,1,0,1
110,1,1233,673,437,334,1,4,1
110,3,265,147,37,61,1,3,1
110,10,0,149,78,91,1,0,1
111,1,852,470,325,224,1,0,1
111,2,555,298,188,121,1,0,1
111,5,317,132,100,86,1,0,1
111,7,0,207,119,107,1,0,1
111,1,841,357,107,93,1,1,1
111,2,751,317,108,89,1,1,1
111,1,483,901,99,178,1,2,1
111,1,279,179,30,54,1,3,1
111,2,241,164,34,68,1,3,1
111,4,233,129,29,65,1,3,1
111,8,222,217,118,93,1,0,1
111,9,231,192,308,303,1,0,1
111,1,1233,673,437,334,1,4,1
111,3,263,146,36,61,1,3,1
111,10,0,149,79,92,1,0,1
111,3,520,265,125,101,1,0,1
112,1,852,470,325,224,1,0,1
112,2,555,298,188,121,1,0,1
112,5,317,132,100,86,1,0,1
112,7,0,209,120,106,1,0,1
112,1,841,357,107,93,1,1,1
112,2,751,317,108,89,1,1,1
112,1,494,901,99,178,1,2,1
112,2,240,163,34,67,1,3,1
112,8,221,215,117,91,1,0,1
112,9,227,188,305,302,1,0,1
112,1,1233,673,437,334,1,4,1
112,10,0,150,79,93,1,0,1
112,3,521,265,133,100,1,0,1
113,1,852,470,325,224,1,0,1
113,2,555,298,188,121,1,0,1
113,5,317,132,100,86,1,0,1
113,7,0,211,122,106,1,0,1
113,1,841,357,107,93,1,1,1
113,2,751,317,108,89,1,1,1
113,1,506,903,99,176,1,2,1
113,2,239,161,34,66,1,3,1
113,8,219,212,115,90,1,0,1
113,9,223,185,300,296,1,0,1
113,1,1233,673,437,334,1,4,1
113,10,0,151,78,92,1,0,1
113,3,512,263,139,101,1,0,1
113,13,1095,942,160,137,1,3,1
114,1,852,470,325,224,1,0,1
114,2,555,298,188,121,1,0,1
114,5,317,132,100,86,1,0,1
114,7,0,211,124,110,1,0,1
114,1,841,357,107,93,1,1,1
114,2,751,317,108,89,1,1,1
114,1,518,906,99,173,1,2,1
114,2,238,160,33,64,1,3,1
114,8,217,210,113,88,1,0,1
114,9,220,183,297,289,1,0,1
114,1,1233,673,437,334,1,4,1
114,10,0,152,78,92,1,0,1
114,3,512,263,139,101,1,0,1
114,13,1060,911,159,137,1,3,1
115,1,852,470,325,224,1,0,1
115,2,555,298,188,121,1,0,1
115,5,317,132,100,86,1,0,1
115,7,0,214,124,108,1,0,1
115,1,841,357,107,93,1,1,1
115,2,751,317,108,89,1,1,1
115,1,532,908,99,171,1,2,1
115,2,237,160,32,62,1,3,1
115,8,215,207,111,87,1,0,1
115,9,217,179,291,301,1,0,1
115,1,1233,673,437,334,1,4,1
115,10,0,152,79,93,1,0,1
115,3,506,264,145,100,1,0,1
115,13,1024,885,163,194,1,3,1
116,1,852,470,325,224,1,0,1
116,2,555,298,188,121,1,0,1
116,5,317,132,100,86,1,0,1
116,7,1,215,123,108,1,0,1
116,1,841,357,107,93,1,1,1
116,2,751,317,108,89,1,1,1
116,1,548,909,98,170,1,2,1
116,2,238,159,30,59,1,3,1
116,8,212,203,111,87,1,0,1
116,9,212,175,285,280,1,0,1
116,1,1233,673,437,334,1,4,1
116,10,0,153,79,94,1,0,1
116,3,500,262,151,102,1,0,1
116,13,995,859,158,189,1,3,1
117,1,852,470,325,224,1,0,1
117,2,555,298,188,121,1,0,1
117,5,317,132,100,86,1,0,1
117,7,1,215,125,111,1,0,1
117,1,841,357,107,93,1,1,1
117,2,751,317,108,89,1,1,1
117,1,563,908,99,171,1,2,1
117,8,210,201,109,85,1,0,1
117,9,216,175,276,282,1,0,1
117,1,1233,673,437,334,1,4,1
117,10,0,154,79,94,1,0,1
117,3,501,263,150,101,1,0,1
117,13,966,833,158,246,1,3,1
118,1,852,470,325,224,1,0,1
118,2,555,298,188,121,1,0,1
118,5,317,132,100,86,1,0,1
118,7,8,221,118,111,1,0,1
118,1,841,357,107,93,1,1,1
118,2,751,317,108,89,1,1,1
118,1,576,905,100,174,1,2,1
118,9,213,171,272,283,1,0,1
118,1,1233,673,437,334,1,4,1
118,10,0,156,78,93,1,0,1
118,3,500,262,151,102,1,0,1
118,13,940,809,149,270,1,3,1
119,1,852,470,325,224,1,0,1
119,2,555,298,188,121,1,0,1
119,5,317,132,100,86,1,0,1
119,7,0,221,129,110,1,0,1
119,1,841,357,107,93,1,1,1
119,2,751,317,108,89,1,1,1
119,1,588,904,101,175,1,2,1
119,9,212,171,267,280,1,0,1
119,1,1233,673,437,334,1,4,1
119,10,0,156,80,95,1,0,1
119,3,501,263,150,99,1,0,1
119,13,915,787,147,291,1,3,1
120,1,852,470,325,224,1,0,1
120,2,555,298,188,121,1,0,1
120,5,317,132,100,86,1,0,1
120,7,0,220,129,113,1,0,1
120,1,841,357,107,93,1,1,1
120,2,751,317,108,89,1,1,1
120,1,606,905,102,174,1,2,1
120,9,197,161,269,264,1,0,1
120,1,1233,673,437,334,1,4,1
120,10,0,158,80,95,1,0,1
120,3,503,263,148,93,1,0,1
120,13,879,752,146,286,1,3,1
121,1,852,470,325,224,1,0,1
121,2,555,298,188,121,1,0,1
121,5,317,132,100,86,1,0,1
121,7,1,223,130,114,1,0,1
121,1,841,357,107,93,1,1,1
121,2,751,317,108,89,1,1,1
121,1,620,907,103,172,1,2,1
121,9,208,162,255,269,1,0,1
121,1,1233,673,437,334,1,4,1
121,10,0,158,78,96,1,0,1
121,3,502,263,149,98,1,0,1
121,13,857,730,139,280,1,3,1
121,4,429,212,102,86,1,0,1
122,1,852,470,325,224,1,0,1
122,2,555,298,188,121,1,0,1
122,5,317,132,100,86,1,0,1
122,7,0,229,133,109,1,0,1
122,1,841,357,107,93,1,1,1
122,2,751,317,108,89,1,1,1
122,1,635,910,103,169,1,2,1
122,9,207,158,251,275,1,0,1
122,1,1233,673,437,334,1,4,1
122,10,0,159,78,96,1,0,1
122,3,502,263,149,101,1,0,1
122,13,836,712,135,271,1,3,1
122,4,421,214,105,83,1,0,1
123,1,852,470,325,224,1,0,1
123,2,555,298,188,121,1,0,1
123,5,317,132,100,86,1,0,1
123,7,0,224,134,115,1,0,1
123,1,841,357,107,93,1,1,1
123,2,751,317,108,89,1,1,1
123,1,650,912,103,167,1,2,1
123,9,205,155,245,275,1,0,1
123,1,1233,673,437,334,1,4,1
123,10,0,160,77,96,1,0,1
123,3,501,263,150,96,1,0,1
123,13,816,693,131,265,1,3,1
123,4,433,214,92,78,1,0,1
124,1,852,470,325,224,1,0,1
124,2,555,298,188,121,1,0,1
124,5,317,132,100,86,1,0,1
124,7,0,230,135,113,1,0,1
124,1,841,357,107,93,1,1,1
124,2,751,317,108,89,1,1,1
124,1,665,911,104,168,1,2,1
124,9,186,152,255,250,1,0,1
124,1,1233,673,437,334,1,4,1
124,10,0,161,78,96,1,0,1
124,3,504,263,147,98,1,0,1
124,13,796,675,128,258,1,3,1
124,4,430,217,96,75,1,0,1
125,1,852,470,325,224,1,0,1
125,2,555,298,188,121,1,0,1
125,5,317,132,100,86,1,0,1
125,7,0,229,136,115,1,0,1
125,1,841,357,107,93,1,1,1
125,2,751,317,108,89,1,1,1
125,1,679,909,105,170,1,2,1
125,9,200,152,239,262,1,0,1
125,1,1233,673,437,334,1,4,1
125,10,0,161,77,98,1,0,1
125,3,502,263,149,100,1,0,1
125,13,778,659,125,251,1,3,1
125,4,431,217,94,84,1,0,1
126,1,852,470,325,224,1,0,1
126,2,555,298,188,121,1,0,1
126,5,317,132,100,86,1,0,1
126,7,0,230,137,116,1,0,1
126,1,841,357,107,93,1,1,1
126,2,751,317,108,89,1,1,1
126,1,693,908,107,171,1,2,1
126,9,198,145,234,262,1,0,1
126,1,1233,673,437,334,1,4,1
126,10,0,162,77,98,1,0,1
126,3,501,263,150,101,1,0,1
126,13,760,643,122,245,1,3,1
126,14,1263,912,193,167,1,3,1
126,4,424,216,103,76,1,0,1
127,1,852,470,325,224,1,0,1
127,2,555,298,188,121,1,0,1
127,5,317,132,100,86,1,0,1
127,7,0,231,139,116,1,0,1
127,1,841,357,107,93,1,1,1
127,2,751,317,108,89,1,1,1
127,1,708,910,106,169,1,2,1
127,9,193,144,235,256,1,0,1
127,1,1233,673,437,334,1,4,1
127,10,0,163,77,98,1,0,1
127,3,501,263,150,102,1,0,1
127,13,743,627,119,240,1,3,1
127,14,1237,894,193,185,1,3,1
127,4,424,216,103,76,1,0,1
128,1,852,470,325,224,1,0,1
128,2,555,298,188,121,1,0,1
128,5,317,132,100,86,1,0,1
128,7,0,234,140,117,1,0,1
128,1,841,357,107,93,1,1,1
128,2,751,317,108,89,1,1,1
128,1,724,913,106,166,1,2,1
128,9,192,142,231,253,1,0,1
128,1,1233,673,437,334,1,4,1
128,10,0,164,78,99,1,0,1
128,3,500,263,151,100,1,0,1
128,13,729,608,114,240,1,3,1
128,14,1213,877,184,202,1,3,1
128,4,424,216,103,76,1,0,1
129,1,852,470,325,224,1,0,1
129,2,555,298,188,121,1,0,1
129,5,317,132,100,86,1,0,1
129,7,2,234,140,120,1,0,1
129,1,841,357,107,93,1,1,1
129,2,751,317,108,89,1,1,1
129,1,740,914,106,165,1,2,1
129,9,190,140,228,250,1,0,1
129,1,1233,673,437,334,1,4,1
129,10,0,165,77,99,1,0,1
129,3,501,263,150,101,1,0,1
129,13,711,598,114,229,1,3,1
129,14,1195,859,178,220,1,3,1
129,4,424,216,103,76,1,0,1
130,1,852,470,325,224,1,0,1
130,2,555,298,188,121,1,0,1
130,5,317,132,100,86,1,0,1
130,7,0,237,140,117,1,0,1
130,1,841,357,107,93,1,1,1
130,2,751,317,108,89,1,1,1
130,1,756,912,106,167,1,2,1
130,9,187,138,226,247,1,0,1
130,1,1233,673,437,334,1,4,1
130,10,0,166,78,100,1,0,1
130,3,501,263,150,99,1,0,1
130,13,696,584,111,224,1,3,1
130,14,1172,844,172,235,1,3,1
130,4,412,213,115,79,1,0,1
131,1,852,470,325,224,1,0,1
131,2,555,298,188,121,1,0,1
131,5,317,132,100,86,1,0,1
131,7,0,239,144,117,1,0,1
131,1,841,357,107,93,1,1,1
131,2,751,317,108,89,1,1,1
131,1,771,911,106,168,1,2,1
131,9,185,136,223,245,1,0,1
131,1,1233,673,437,334,1,4,1
131,10,0,167,78,101,1,0,1
131,3,501,263,150,100,1,0,1
131,13,682,570,109,220,1,3,1
131,14,1150,828,168,251,1,3,1
131,4,405,213,122,79,1,0,1
132,1,852,470,325,224,1,0,1
132,2,555,298,188,121,1,0,1
132,5,317,132,100,86,1,0,1
132,7,1,240,146,121,1,0,1
132,1,841,357,107,93,1,1,1
132,2,751,317,108,89,1,1,1
132,1,793,912,105,167,1,2,1
132,9,181,132,220,241,1,0,1
132,1,1233,673,437,334,1,4,1
132,10,0,169,76,101,1,0,1
132,3,501,263,150,101,1,0,1
132,13,662,551,105,212,1,3,1
132,14,1119,806,161,269,1,3,1
132,4,405,214,122,78,1,0,1
133,1,852,470,325,224,1,0,1
133,2,555,298,188,121,1,0,1
133,5,317,132,100,86,1,0,1
133,7,0,242,148,119,1,0,1
133,1,841,357,107,93,1,1,1
133,2,751,317,108,89,1,1,1
133,1,808,916,104,163,1,2,1
133,9,179,130,217,238,1,0,1
133,1,1233,673,437,334,1,4,1
133,10,0,170,76,102,1,0,1
133,3,501,263,150,101,1,0,1
133,13,650,539,103,208,1,3,1
133,14,1099,793,158,264,1,3,1
133,4,403,214,124,78,1,0,1
134,1,852,470,325,224,1,0,1
134,2,555,298,188,121,1,0,1
134,5,317,132,100,86,1,0,1
134,7,16,248,130,122,1,0,1
134,1,841,357,107,93,1,1,1
134,2,751,317,108,89,1,1,1
134,1,825,919,104,160,1,2,1
134,9,177,129,215,235,1,0,1
134,1,1233,673,437,334,1,4,1
134,10,0,169,76,105,1,0,1
134,3,501,263,150,101,1,0,1
134,13,638,528,101,204,1,3,1
134,14,1081,779,155,258,1,3,1
134,4,405,215,122,77,1,0,1
135,1,852,470,325,224,1,0,1
135,2,555,298,188,121,1,0,1
135,5,317,132,100,86,1,0,1
135,7,0,246,150,123,1,0,1
135,1,841,357,107,93,1,1,1
135,2,751,317,108,89,1,1,1
135,1,841,922,105,157,1,2,1
135,9,174,127,212,233,1,0,1
135,1,1233,673,437,334,1,4,1
135,10,0,172,75,103,1,0,1
135,3,501,263,150,101,1,0,1
135,13,627,518,99,199,1,3,1
135,14,1063,764,153,256,1,3,1
135,4,406,213,121,77,1,0,1
135,2,1,827,52,252,1,2,1
136,1,852,470,325,224,1,0,1
136,2,555,298,188,121,1,0,1
136,5,317,132,100,86,1,0,1
136,7,0,247,150,121,1,0,1
136,1,841,357,107,93,1,1,1
136,2,751,317,108,89,1,1,1
136,1,858,924,104,155,1,2,1
136,9,172,125,210,231,1,0,1
136,1,1233,673,437,334,1,4,1
136,10,0,173,76,104,1,0,1
136,3,501,263,150,101,1,0,1
136,13,617,503,97,199,1,3,1
136,14,1046,751,150,251,1,3,1
136,4,404,214,123,78,1,0,1
136,2,1,830,73,249,1,2,1
137,1,852,470,325,224,1,0,1
137,2,555,298,188,121,1,0,1
137,5,317,132,100,86,1,0,1
137,7,2,248,151,124,1,0,1
137,1,841,357,107,93,1,1,1
137,2,751,317,108,89,1,1,1
137,1,876,924,103,155,1,2,1
137,9,169,123,208,229,1,0,1
137,1,1233,673,437,334,1,4,1
137,10,0,174,75,105,1,0,1
137,3,501,263,150,101,1,0,1
137,13,607,497,95,191,1,3,1
137,14,1030,739,147,245,1,3,1
137,4,405,213,122,76,1,0,1
137,2,0,826,92,251,1,2,1
138,1,852,470,325,224,1,0,1
138,2,555,298,188,121,1,0,1
138,5,317,132,100,86,1,0,1
138,7,3,250,150,125,1,0,1
138,1,841,357,107,93,1,1,1
138,2,751,317,108,89,1,1,1
138,1,892,923,103,154,1,2,1
138,9,167,121,205,226,1,0,1
138,1,1233,673,437,334,1,4,1
138,10,0,173,76,107,1,0,1
138,3,501,263,150,101,1,0,1
138,13,598,483,95,192,1,3,1
138,14,1015,723,145,246,1,3,1
138,4,402,213,125,78,1,0,1
138,2,18,824,93,253,1,2,1
139,1,852,470,325,224,1,0,1
139,2,555,298,188,121,1,0,1
139,5,317,132,100,86,1,0,1
139,7,5,251,149,125,1,0,1
139,1,841,357,107,93,1,1,1
139,2,751,317,108,89,1,1,1
139,1,908,923,104,156,1,2,1
139,9,164,120,203,223,1,0,1
139,1,1233,673,437,334,1,4,1
139,10,0,175,75,108,1,0,1
139,3,501,263,150,101,1,0,1
139,13,590,473,92,188,1,3,1
139,14,1000,713,143,239,1,3,1
139,4,404,213,123,79,1,0,1
139,2,36,825,93,254,1,2,1
140,1,852,470,325,224,1,0,1
140,2,555,298,188,121,1,0,1
140,5,317,132,100,86,1,0,1
140,7,3,254,153,127,1,0,1
140,1,841,357,107,93,1,1,1
140,2,751,317,108,89,1,1,1
140,9,162,117,202,221,1,0,1
140,1,1233,673,437,334,1,4,1
140,10,0,176,76,109,1,0,1
140,3,501,263,150,101,1,0,1
140,13,582,463,91,185,1,3,1
140,4,404,215,123,77,1,0,1
140,2,57,823,123,256,1,2,1
141,1,852,470,325,224,1,0,1
141,2,555,298,188,121,1,0,1
141,5,317,132,100,86,1,0,1
141,7,4,255,152,129,1,0,1
141,1,841,357,107,93,1,1,1
141,2,751,317,108,89,1,1,1
141,9,159,115,200,219,1,0,1
141,1,1233,673,437,334,1,4,1
141,10,0,175,75,112,1,0,1
141,3,501,263,150,101,1,0,1
141,13,574,455,88,182,1,3,1
141,14,972,691,138,231,1,3,1
141,4,404,216,123,76,1,0,1
141,2,79,824,123,255,1,2,1
142,1,852,470,325,224,1,0,1
142,2,555,298,188,121,1,0,1
142,5,317,132,100,86,1,0,1
142,7,3,258,153,125,1,0,1
142,1,841,357,107,93,1,1,1
142,2,751,317,108,89,1,1,1
142,9,157,114,198,217,1,0,1
142,1,1233,673,437,334,1,4,1
142,10,0,176,76,113,1,0,1
142,3,501,263,150,101,1,0,1
142,13,567,446,89,179,1,3,1
142,14,959,680,136,228,1,3,1
142,4,405,215,122,77,1,0,1
142,2,90,825,131,254,1,2,1
143,1,852,470,325,224,1,0,1
143,2,555,298,188,121,1,0,1
143,5,317,132,100,86,1,0,1
143,7,4,259,156,129,1,0,1
143,1,841,357,107,93,1,1,1
143,2,751,317,108,89,1,1,1
143,9,155,112,196,215,1,0,1
143,1,1233,673,437,334,1,4,1
143,10,0,177,76,114,1,0,1
143,3,501,263,150,101,1,0,1
143,13,560,438,89,176,1,3,1
143,14,946,669,134,225,1,3,1
143,4,405,213,122,79,1,0,1
143,2,111,822,112,256,1,2,1
144,1,852,470,325,224,1,0,1
144,2,555,298,188,121,1,0,1
144,5,317,132,100,86,1,0,1
144,7,3,261,158,130,1,0,1
144,1,841,357,107,93,1,1,1
144,2,751,317,108,89,1,1,1
144,9,151,109,193,212,1,0,1
144,1,1233,673,437,334,1,4,1
144,10,0,178,77,116,1,0,1
144,3,501,263,150,101,1,0,1
144,13,550,428,84,170,1,3,1
144,14,928,654,131,219,1,3,1
144,4,404,214,123,78,1,0,1
144,2,139,820,94,254,1,2,1
145,1,852,470,325,224,1,0,1
145,2,555,298,188,121,1,0,1
145,5,317,132,100,86,1,0,1
145,7,3,265,160,130,1,0,1
145,1,841,357,107,93,1,1,1
145,2,751,317,108,89,1,1,1
145,9,148,107,192,210,1,0,1
145,1,1233,673,437,334,1,4,1
145,10,0,179,77,117,1,0,1
145,3,501,263,150,101,1,0,1
145,13,544,421,83,167,1,3,1
145,14,916,644,129,216,1,3,1
145,4,405,213,122,79,1,0,1
145,2,154,820,99,256,1,2,1
146,1,852,470,325,224,1,0,1
146,2,555,298,188,121,1,0,1
146,5,317,132,100,86,1,0,1
146,7,4,266,160,132,1,0,1
146,1,841,357,107,93,1,1,1
146,2,751,317,108,89,1,1,1
146,9,146,106,190,208,1,0,1
146,1,1233,673,437,334,1,4,1
146,10,0,180,78,119,1,0,1
146,3,501,263,150,101,1,0,1
146,13,538,414,81,164,1,3,1
146,14,904,634,127,213,1,3,1
146,4,405,215,122,77,1,0,1
146,2,171,826,102,253,1,2,1
147,1,852,470,325,224,1,0,1
147,2,555,298,188,121,1,0,1
147,5,317,132,100,86,1,0,1
147,7,5,267,158,141,1,0,1
147,1,841,357,107,93,1,1,1
147,2,751,317,108,89,1,1,1
147,9,144,104,188,206,1,0,1
147,1,1233,673,437,334,1,4,1
147,10,0,181,76,118,1,0,1
147,3,501,263,150,101,1,0,1
147,13,532,406,80,163,1,3,1
147,14,892,624,126,211,1,3,1
147,4,405,215,122,77,1,0,1
147,2,190,828,106,251,1,2,1
148,1,852,470,325,224,1,0,1
148,2,555,298,188,121,1,0,1
148,5,317,132,100,86,1,0,1
148,7,7,271,160,136,1,0,1
148,1,841,357,107,93,1,1,1
148,2,751,317,108,89,1,1,1
148,9,141,102,186,204,1,0,1
148,1,1233,673,437,334,1,4,1
148,10,0,183,77,118,1,0,1
148,3,501,263,150,101,1,0,1
148,13,526,400,79,160,1,3,1
148,14,880,615,124,208,1,3,1
148,4,405,214,122,78,1,0,1
148,2,219,830,98,249,1,2,1
149,1,852,470,325,224,1,0,1
149,2,555,298,188,121,1,0,1
149,5,317,132,100,86,1,0,1
149,7,6,272,161,140,1,0,1
149,1,841,357,107,93,1,1,1
149,2,751,317,108,89,1,1,1
149,9,138,100,185,203,1,0,1
149,1,1233,673,437,334,1,4,1
149,10,0,184,76,105,1,0,1
149,3,501,263,150,101,1,0,1
149,13,521,391,78,161,1,3,1
149,14,868,606,123,206,1,3,1
149,4,405,215,122,77,1,0,1
149,2,246,828,89,251,1,2,1
150,1,852,470,325,224,1,0,1
150,2,555,298,188,121,1,0,1
150,5,317,132,100,86,1,0,1
150,7,7,277,161,139,1,0,1
150,1,841,357,107,93,1,1,1
150,2,751,317,108,89,1,1,1
150,9,135,98,183,201,1,0,1
150,1,1233,673,437,334,1,4,1
150,10,0,184,79,122,1,0,1
150,3,501,263,150,101,1,0,1
150,13,515,386,77,157,1,3,1
150,14,856,597,121,203,1,3,1
150,4,405,214,122,78,1,0,1
150,2,264,825,103,254,1,2,1
151,1,852,470,325,224,1,0,1
151,2,555,298,188,121,1,0,1
151,5,317,132,100,86,1,0,1
151,7,7,279,162,140,1,0,1
151,1,841,357,107,93,1,1,1
151,2,751,317,108,89,1,1,1
151,9,133,97,181,198,1,0,1
151,1,1233,673,437,334,1,4,1
151,10,0,187,76,109,1,0,1
151,3,501,263,150,101,1,0,1
151,13,510,380,76,155,1,3,1
151,14,843,587,120,201,1,3,1
151,4,405,213,122,79,1,0,1
151,2,282,826,103,253,1,2,1
152,1,852,470,325,224,1,0,1
152,2,555,298,188,121,1,0,1
152,5,317,132,100,86,1,0,1
152,7,7,280,163,142,1,0,1
152,1,841,357,107,93,1,1,1
152,2,751,317,108,89,1,1,1
152,9,130,96,179,196,1,0,1
152,1,1233,673,437,334,1,4,1
152,10,0,192,75,106,1,0,1
152,3,501,263,150,101,1,0,1
152,13,505,374,75,153,1,3,1
152,14,831,578,119,199,1,3,1
152,4,405,214,122,78,1,0,1
152,2,302,828,131,251,1,2,1
153,1,852,470,325,224,1,0,1
153,2,555,298,188,121,1,0,1
153,5,317,132,100,86,1,0,1
153,7,7,280,164,145,1,0,1
153,1,841,357,107,93,1,1,1
153,2,751,317,108,89,1,1,1
153,9,127,94,178,194,1,0,1
153,1,1233,673,437,334,1,4,1
153,10,0,194,74,106,1,0,1
153,3,501,263,150,101,1,0,1
153,13,499,367,74,152,1,3,1
153,14,818,570,117,196,1,3,1
153,4,405,213,122,79,1,0,1
153,2,324,829,127,250,1,2,1
154,1,852,470,325,224,1,0,1
154,2,555,298,188,121,1,0,1
154,5,317,132,100,86,1,0,1
154,7,7,282,165,146,1,0,1
154,1,841,357,107,93,1,1,1
154,2,751,317,108,89,1,1,1
154,9,123,92,176,193,1,0,1
154,1,1233,673,437,334,1,4,1
154,10,0,195,75,107,1,0,1
154,3,501,263,150,101,1,0,1
154,13,494,362,73,150,1,3,1
154,14,806,561,116,194,1,3,1
154,4,404,217,123,75,1,0,1
154,2,338,828,126,249,1,2,1
155,1,852,470,325,224,1,0,1
155,2,555,298,188,121,1,0,1
155,5,317,132,100,86,1,0,1
155,7,8,285,166,147,1,0,1
155,1,841,357,107,93,1,1,1
155,2,751,317,108,89,1,1,1
155,9,121,91,174,190,1,0,1
155,1,1233,673,437,334,1,4,1
155,10,0,196,74,108,1,0,1
155,3,501,263,150,101,1,0,1
155,13,488,356,72,148,1,3,1
155,14,793,553,114,191,1,3,1
155,4,404,214,123,78,1,0,1
155,2,358,826,114,249,1,2,1
156,1,852,470,325,224,1,0,1
156,2,555,298,188,121,1,0,1
156,5,317,132,100,86,1,0,1
156,7,8,290,169,147,1,0,1
156,1,841,357,107,93,1,1,1
156,2,751,317,108,89,1,1,1
156,9,116,89,171,187,1,0,1
156,1,1233,673,437,334,1,4,1
156,10,0,198,75,109,1,0,1
156,3,501,263,150,101,1,0,1
156,13,480,348,71,145,1,3,1
156,14,775,541,112,187,1,3,1
156,4,404,214,123,78,1,0,1
156,2,385,824,114,248,1,2,1
157,1,852,470,325,224,1,0,1
157,2,555,298,188,121,1,0,1
157,5,317,132,100,86,1,0,1
157,7,8,292,170,148,1,0,1
157,1,841,357,107,93,1,1,1
157,2,751,317,108,89,1,1,1
157,9,113,87,170,186,1,0,1
157,1,1233,673,437,334,1,4,1
157,10,0,200,75,109,1,0,1
157,3,501,263,150,101,1,0,1
157,13,475,342,70,143,1,3,1
157,14,763,533,110,185,1,3,1
157,4,405,213,122,79,1,0,1
157,2,400,825,113,246,1,2,1
158,1,852,470,325,224,1,0,1
158,2,555,298,188,121,1,0,1
158,5,317,132,100,86,1,0,1
158,7,8,295,172,149,1,0,1
158,1,841,357,107,93,1,1,1
158,2,751,317,108,89,1,1,1
158,9,110,85,168,184,1,0,1
158,1,1233,673,437,334,1,4,1
158,10,0,201,75,110,1,0,1
158,3,501,263,150,101,1,0,1
158,13,469,337,69,142,1,3,1
158,14,750,526,109,183,1,3,1
158,4,404,215,123,77,1,0,1
158,2,418,828,111,243,1,2,1
