1,1,851,470,326,224,1,0,1
1,2,555,298,188,121,1,0,1
1,3,501,263,156,102,1,0,1
1,4,406,213,118,80,1,0,1
1,5,317,132,100,86,1,0,1
1,6,21,153,100,76,1,0,1
1,7,0,130,71,70,1,0,1
1,1,841,357,107,93,1,1,1
1,2,751,317,108,89,1,1,1
1,1,0,829,43,250,1,2,1
1,1,1056,762,151,263,1,3,1
1,2,576,467,83,173,1,3,1
1,3,539,353,67,135,1,3,1
1,4,384,329,64,142,1,3,1
1,5,27,629,124,259,1,3,1
1,6,7,429,83,168,1,3,1
1,7,279,175,42,81,1,3,1
1,8,238,145,40,73,1,3,1
1,9,150,156,38,65,1,3,1
1,10,156,129,41,46,1,3,1
1,1,1228,675,441,330,1,4,1
1,2,40,329,108,169,1,4,1
2,1,851,470,326,224,1,0,1
2,2,555,298,188,121,1,0,1
2,3,501,263,156,102,1,0,1
2,4,406,213,118,80,1,0,1
2,5,317,132,100,86,1,0,1
2,6,24,153,101,77,1,0,1
2,7,0,130,69,70,1,0,1
2,1,841,357,107,93,1,1,1
2,2,751,317,108,89,1,1,1
2,1,0,829,44,250,1,2,1
2,1,1009,728,144,252,1,3,1
2,2,561,454,80,168,1,3,1
2,3,527,344,66,132,1,3,1
2,4,376,320,62,138,1,3,1
2,5,37,646,128,267,1,3,1
2,6,9,440,85,172,1,3,1
2,7,275,172,41,79,1,3,1
2,8,237,144,39,72,1,3,1
2,9,148,153,37,64,1,3,1
2,10,153,128,39,43,1,3,1
2,1,1230,674,439,331,1,4,1
2,2,43,338,111,174,1,4,1
3,1,851,470,326,224,1,0,1
3,2,555,298,188,121,1,0,1
3,3,501,263,156,102,1,0,1
3,4,406,213,118,80,1,0,1
3,5,317,132,100,86,1,0,1
3,6,25,155,105,77,1,0,1
3,7,0,130,69,70,1,0,1
3,1,841,357,107,93,1,1,1
3,2,751,317,108,89,1,1,1
3,1,0,829,44,250,1,2,1
3,1,964,696,139,243,1,3,1
3,2,546,441,79,164,1,3,1
3,3,515,337,64,129,1,3,1
3,4,368,311,61,135,1,3,1
3,5,47,664,131,273,1,3,1
3,6,11,452,87,176,1,3,1
3,7,270,169,41,79,1,3,1
3,8,235,142,39,71,1,3,1
3,9,146,150,37,63,1,3,1
3,10,146,129,40,41,1,3,1
3,1,1232,672,437,333,1,4,1
3,2,46,346,114,178,1,4,1
4,1,851,470,326,224,1,0,1
4,2,555,298,188,121,1,0,1
4,3,501,263,156,102,1,0,1
4,4,406,213,118,80,1,0,1
4,5,317,132,100,86,1,0,1
4,6,24,155,112,75,1,0,1
4,7,0,131,69,70,1,0,1
4,1,841,357,107,93,1,1,1
4,2,751,317,108,89,1,1,1
4,1,1,830,44,249,1,2,1
4,1,923,669,133,233,1,3,1
4,2,533,428,76,159,1,3,1
4,3,504,329,63,127,1,3,1
4,4,361,302,59,132,1,3,1
4,5,58,683,134,280,1,3,1
4,6,13,464,89,181,1,3,1
4,7,265,166,41,78,1,3,1
4,8,234,139,39,71,1,3,1
4,9,144,147,37,63,1,3,1
4,1,1233,672,436,333,1,4,1
4,2,49,356,117,183,1,4,1
5,1,851,470,326,224,1,0,1
5,2,555,298,188,121,1,0,1
5,3,501,263,156,102,1,0,1
5,4,406,213,118,80,1,0,1
5,5,317,132,100,86,1,0,1
5,6,28,156,113,76,1,0,1
5,7,0,131,69,70,1,0,1
5,1,841,357,107,93,1,1,1
5,2,751,317,108,89,1,1,1
5,1,1,841,47,238,1,2,1
5,1,885,642,128,224,1,3,1
5,2,519,417,75,155,1,3,1
5,3,493,321,62,124,1,3,1
5,4,354,294,58,129,1,3,1
5,5,70,705,138,288,1,3,1
5,6,15,477,92,185,1,3,1
5,7,261,163,40,77,1,3,1
5,8,233,137,38,70,1,3,1
5,9,142,144,36,62,1,3,1
5,1,1234,673,435,332,1,4,1
5,2,52,366,120,187,1,4,1
6,1,851,470,326,224,1,0,1
6,2,555,298,188,121,1,0,1
6,3,501,263,156,102,1,0,1
6,4,406,213,118,80,1,0,1
6,5,317,132,100,86,1,0,1
6,6,32,156,115,77,1,0,1
6,7,0,132,69,70,1,0,1
6,1,841,357,107,93,1,1,1
6,2,751,317,108,89,1,1,1
6,1,1,842,47,237,1,2,1
6,1,850,617,123,215,1,3,1
6,2,507,406,72,151,1,3,1
6,3,482,314,60,121,1,3,1
6,4,347,287,57,126,1,3,1
6,5,83,726,142,296,1,3,1
6,6,17,490,94,191,1,3,1
6,7,256,160,40,76,1,3,1
6,8,233,136,38,70,1,3,1
6,9,140,142,36,61,1,3,1
6,1,1236,673,433,332,1,4,1
6,2,55,376,123,193,1,4,1
7,1,851,470,326,224,1,0,1
7,2,555,298,188,121,1,0,1
7,3,501,263,156,102,1,0,1
7,4,406,213,118,80,1,0,1
7,5,317,132,100,86,1,0,1
7,6,34,157,119,76,1,0,1
7,7,0,133,69,70,1,0,1
7,1,841,357,107,93,1,1,1
7,2,751,317,108,89,1,1,1
7,1,0,844,46,235,1,2,1
7,1,811,588,118,206,1,3,1
7,2,492,393,70,146,1,3,1
7,3,470,306,59,119,1,3,1
7,4,340,278,55,123,1,3,1
7,5,97,755,147,306,1,3,1
7,6,20,508,97,197,1,3,1
7,7,250,156,39,76,1,3,1
7,8,232,134,37,68,1,3,1
7,9,137,139,35,60,1,3,1
7,1,1234,671,435,334,1,4,1
7,2,58,390,127,199,1,4,1
8,1,851,470,326,224,1,0,1
8,2,555,298,188,121,1,0,1
8,3,501,263,156,102,1,0,1
8,4,406,213,118,80,1,0,1
8,5,317,132,100,86,1,0,1
8,6,36,158,127,78,1,0,1
8,7,0,132,69,71,1,0,1
8,1,841,357,107,93,1,1,1
8,2,751,317,108,89,1,1,1
8,1,1,846,46,233,1,2,1
8,1,783,566,114,199,1,3,1
8,2,481,382,69,144,1,3,1
8,3,461,299,58,116,1,3,1
8,4,335,271,54,120,1,3,1
8,5,108,779,151,300,1,3,1
8,6,23,523,100,202,1,3,1
8,7,246,154,38,74,1,3,1
8,8,232,132,37,67,1,3,1
8,9,135,137,34,59,1,3,1
8,1,1234,671,435,334,1,4,1
8,2,61,401,130,204,1,4,1
9,1,851,470,326,224,1,0,1
9,2,555,298,188,121,1,0,1
9,3,501,263,156,102,1,0,1
9,4,406,213,118,80,1,0,1
9,5,317,132,100,86,1,0,1
9,6,39,159,133,76,1,0,1
9,7,0,133,70,72,1,0,1
9,1,841,357,107,93,1,1,1
9,2,751,317,108,89,1,1,1
9,1,1,846,46,233,1,2,1
9,1,757,545,110,193,1,3,1
9,2,470,373,67,140,1,3,1
9,3,453,293,56,113,1,3,1
9,4,329,265,54,118,1,3,1
9,5,119,806,156,273,1,3,1
9,6,27,539,102,208,1,3,1
9,7,242,152,37,73,1,3,1
9,8,231,132,35,65,1,3,1
9,9,131,134,34,58,1,3,1
9,1,1234,671,435,334,1,4,1
9,2,64,413,134,209,1,4,1
9,8,798,918,464,161,1,0,1
10,1,851,470,326,224,1,0,1
10,2,555,298,188,121,1,0,1
10,3,501,263,156,102,1,0,1
10,4,406,213,118,80,1,0,1
10,5,317,132,100,86,1,0,1
10,6,41,159,140,76,1,0,1
10,7,0,133,70,72,1,0,1
10,1,841,357,107,93,1,1,1
10,2,751,317,108,89,1,1,1
10,1,2,846,46,233,1,2,1
10,1,734,527,106,186,1,3,1
10,2,461,363,66,137,1,3,1
10,3,445,288,55,111,1,3,1
10,4,324,259,53,116,1,3,1
10,5,131,835,161,244,1,3,1
10,6,31,555,105,214,1,3,1
10,7,238,149,37,73,1,3,1
10,9,129,132,33,57,1,3,1
10,1,1234,671,435,334,1,4,1
10,2,67,424,138,215,1,4,1
10,8,761,873,478,206,1,0,1
11,1,851,470,326,224,1,0,1
11,2,555,298,188,121,1,0,1
11,3,501,263,156,102,1,0,1
11,4,406,213,118,80,1,0,1
11,5,317,132,100,86,1,0,1
11,6,45,160,145,79,1,0,1
11,7,0,134,70,72,1,0,1
11,1,841,357,107,93,1,1,1
11,2,751,317,108,89,1,1,1
11,1,3,846,46,233,1,2,1
11,1,712,509,103,181,1,3,1
11,2,452,356,64,133,1,3,1
11,3,439,283,53,108,1,3,1
11,4,319,253,52,114,1,3,1
11,5,144,866,166,213,1,3,1
11,6,36,573,108,220,1,3,1
11,7,234,147,37,71,1,3,1
11,9,126,129,34,58,1,3,1
11,1,1234,671,435,334,1,4,1
11,2,70,436,141,221,1,4,1
11,8,727,829,453,250,1,0,1
12,1,851,470,326,224,1,0,1
12,2,555,298,188,121,1,0,1
12,3,501,263,156,102,1,0,1
12,4,406,213,118,80,1,0,1
12,5,317,132,100,86,1,0,1
12,6,50,160,149,79,1,0,1
12,7,0,134,70,72,1,0,1
12,1,841,357,107,93,1,1,1
12,2,751,317,108,89,1,1,1
12,1,3,846,46,233,1,2,1
12,1,693,491,100,177,1,3,1
12,2,444,351,64,126,1,3,1
12,3,432,276,53,107,1,3,1
12,4,314,247,51,111,1,3,1
12,5,158,898,172,181,1,3,1
12,6,43,591,112,228,1,3,1
12,7,231,144,36,71,1,3,1
12,9,124,127,33,57,1,3,1
12,1,1234,671,435,334,1,4,1
12,2,73,448,146,228,1,4,1
12,8,700,791,427,288,1,0,1
13,1,851,470,326,224,1,0,1
13,2,555,298,188,121,1,0,1
13,3,501,263,156,102,1,0,1
13,4,406,213,118,80,1,0,1
13,5,317,132,100,86,1,0,1
13,6,55,161,158,79,1,0,1
13,7,0,135,70,72,1,0,1
13,1,841,357,107,93,1,1,1
13,2,751,317,108,89,1,1,1
13,1,3,846,46,233,1,2,1
13,1,670,472,97,170,1,3,1
13,2,434,341,63,123,1,3,1
13,3,424,270,52,105,1,3,1
13,4,307,240,50,109,1,3,1
13,6,55,614,117,237,1,3,1
13,7,226,141,36,70,1,3,1
13,9,121,127,33,53,1,3,1
13,1,1234,671,435,334,1,4,1
13,2,78,464,151,236,1,4,1
13,8,664,747,400,293,1,0,1
14,1,851,470,326,224,1,0,1
14,2,555,298,188,121,1,0,1
14,3,501,263,156,102,1,0,1
14,4,406,213,118,80,1,0,1
14,5,317,132,100,86,1,0,1
14,6,60,161,163,82,1,0,1
14,7,0,136,68,77,1,0,1
14,1,841,357,107,93,1,1,1
14,2,751,317,108,89,1,1,1
14,1,3,845,51,233,1,2,1
14,1,654,457,94,166,1,3,1
14,2,427,333,62,122,1,3,1
14,3,420,264,47,100,1,3,1
14,4,303,236,49,107,1,3,1
14,6,67,635,119,242,1,3,1
14,7,224,139,35,68,1,3,1
14,9,118,125,33,53,1,3,1
14,1,1234,671,435,334,1,4,1
14,2,82,477,156,244,1,4,1
14,8,637,714,380,279,1,0,1
15,1,851,470,326,224,1,0,1
15,2,555,298,188,121,1,0,1
15,3,501,263,156,102,1,0,1
15,4,406,213,118,80,1,0,1
15,5,317,132,100,86,1,0,1
15,6,66,162,168,84,1,0,1
15,7,0,136,68,77,1,0,1
15,1,841,357,107,93,1,1,1
15,2,751,317,108,89,1,1,1
15,1,0,832,54,246,1,2,1
15,1,639,443,91,161,1,3,1
15,2,420,326,61,120,1,3,1
15,3,415,257,45,100,1,3,1
15,4,298,231,48,105,1,3,1
15,6,78,655,123,250,1,3,1
15,7,221,136,35,68,1,3,1
15,9,117,125,32,50,1,3,1
15,1,1234,671,435,334,1,4,1
15,2,87,491,161,251,1,4,1
15,8,612,683,365,272,1,0,1
16,1,851,470,326,224,1,0,1
16,2,555,298,188,121,1,0,1
16,3,501,263,156,102,1,0,1
16,4,406,213,118,80,1,0,1
16,5,317,132,100,86,1,0,1
16,6,73,163,174,84,1,0,1
16,7,0,137,68,77,1,0,1
16,1,841,357,107,93,1,1,1
16,2,751,317,108,89,1,1,1
16,1,0,833,52,245,1,2,1
16,1,625,430,89,157,1,3,1
16,2,413,319,60,117,1,3,1
16,3,409,255,44,95,1,3,1
16,4,293,227,48,104,1,3,1
16,6,89,677,127,258,1,3,1
16,7,219,134,35,67,1,3,1
16,9,114,129,30,44,1,3,1
16,1,1234,671,435,334,1,4,1
16,2,95,503,168,262,1,4,1
16,8,588,656,350,259,1,0,1
17,1,851,470,326,224,1,0,1
17,2,555,298,188,121,1,0,1
17,3,501,263,156,102,1,0,1
17,4,406,213,118,80,1,0,1
17,5,317,132,100,86,1,0,1
17,6,82,165,176,78,1,0,1
17,7,0,138,69,78,1,0,1
17,1,841,357,107,93,1,1,1
17,2,751,317,108,89,1,1,1
17,1,0,831,53,247,1,2,1
17,1,611,418,86,153,1,3,1
17,2,407,312,58,115,1,3,1
17,3,403,251,45,95,1,3,1
17,4,288,223,47,102,1,3,1
17,6,100,699,132,267,1,3,1
17,7,217,132,34,66,1,3,1
17,9,111,127,30,44,1,3,1
17,1,1234,671,435,334,1,4,1
17,2,100,519,172,268,1,4,1
17,8,567,630,335,248,1,0,1
18,1,851,470,326,224,1,0,1
18,2,555,298,188,121,1,0,1
18,3,501,263,156,102,1,0,1
18,4,406,213,118,80,1,0,1
18,5,317,132,100,86,1,0,1
18,6,91,166,181,82,1,0,1
18,7,0,139,69,78,1,0,1
18,1,841,357,107,93,1,1,1
18,2,751,317,108,89,1,1,1
18,1,0,832,52,246,1,2,1
18,1,599,406,84,148,1,3,1
18,2,400,306,57,113,1,3,1
18,3,398,245,45,96,1,3,1
18,4,283,219,46,101,1,3,1
18,6,111,725,136,276,1,3,1
18,7,215,129,34,67,1,3,1
18,1,1234,671,435,334,1,4,1
18,2,108,535,178,278,1,4,1
18,8,546,604,323,239,1,0,1
19,1,851,470,326,224,1,0,1
19,2,555,298,188,121,1,0,1
19,3,501,263,156,102,1,0,1
19,4,406,213,118,80,1,0,1
19,5,317,132,100,86,1,0,1
19,6,103,167,185,80,1,0,1
19,7,0,139,68,79,1,0,1
19,1,841,357,107,93,1,1,1
19,2,751,317,108,89,1,1,1
19,1,0,834,51,244,1,2,1
19,1,584,392,81,144,1,3,1
19,2,392,298,56,111,1,3,1
19,3,390,241,43,92,1,3,1
19,4,277,215,45,99,1,3,1
19,6,123,756,143,291,1,3,1
19,7,213,127,34,66,1,3,1
19,1,1234,671,435,334,1,4,1
19,2,119,556,185,289,1,4,1
19,8,523,580,310,224,1,0,1
20,1,851,470,326,224,1,0,1
20,2,555,298,188,121,1,0,1
20,3,501,263,156,102,1,0,1
20,4,406,213,118,80,1,0,1
20,5,317,132,100,86,1,0,1
20,6,111,167,193,82,1,0,1
20,7,0,140,69,79,1,0,1
20,1,841,357,107,93,1,1,1
20,2,751,317,108,89,1,1,1
20,1,0,832,51,246,1,2,1
20,1,572,381,79,140,1,3,1
20,2,385,293,55,108,1,3,1
20,3,385,237,41,91,1,3,1
20,4,273,211,45,98,1,3,1
20,6,133,785,148,294,1,3,1
20,7,211,128,34,61,1,3,1
20,1,1234,671,435,334,1,4,1
20,2,128,574,190,298,1,4,1
20,8,507,558,297,217,1,0,1
21,1,851,470,326,224,1,0,1
21,2,555,298,188,121,1,0,1
21,3,501,263,156,102,1,0,1
21,4,406,213,118,80,1,0,1
21,5,317,132,100,86,1,0,1
21,6,123,168,185,83,1,0,1
21,7,0,141,69,79,1,0,1
21,1,841,357,107,93,1,1,1
21,2,751,317,108,89,1,1,1
21,1,0,832,52,246,1,2,1
21,1,561,371,78,137,1,3,1
21,2,379,288,54,107,1,3,1
21,3,379,234,40,89,1,3,1
21,4,269,208,44,96,1,3,1
21,6,143,813,155,266,1,3,1
21,7,210,127,33,60,1,3,1
21,1,1234,671,435,334,1,4,1
21,2,136,593,198,310,1,4,1
21,8,491,539,289,209,1,0,1
22,1,851,470,326,224,1,0,1
22,2,555,298,188,121,1,0,1
22,3,501,263,156,102,1,0,1
22,4,406,213,118,80,1,0,1
22,5,317,132,100,86,1,0,1
22,6,134,168,197,84,1,0,1
22,7,0,141,69,80,1,0,1
22,1,841,357,107,93,1,1,1
22,2,751,317,108,89,1,1,1
22,1,0,833,51,245,1,2,1
22,1,549,361,76,134,1,3,1
22,2,372,282,54,105,1,3,1
22,3,374,230,39,87,1,3,1
22,4,266,204,44,95,1,3,1
22,6,153,844,163,235,1,3,1
22,7,209,128,34,56,1,3,1
22,1,1234,671,435,334,1,4,1
22,2,144,615,204,320,1,4,1
22,8,476,521,279,202,1,0,1
23,1,851,470,326,224,1,0,1
23,2,555,298,188,121,1,0,1
23,3,501,263,156,102,1,0,1
23,4,406,213,118,80,1,0,1
23,5,317,132,100,86,1,0,1
23,6,149,171,197,79,1,0,1
23,7,0,142,69,80,1,0,1
23,1,841,357,107,93,1,1,1
23,2,751,317,108,89,1,1,1
23,1,0,833,51,245,1,2,1
23,1,538,352,74,131,1,3,1
23,2,366,277,53,104,1,3,1
23,3,369,228,37,83,1,3,1
23,4,262,201,43,94,1,3,1
23,6,164,878,172,201,1,3,1
23,7,208,127,34,56,1,3,1
23,1,1234,671,435,334,1,4,1
23,2,153,638,197,327,1,4,1
23,8,462,504,269,195,1,0,1
24,1,851,470,326,224,1,0,1
24,2,555,298,188,121,1,0,1
24,3,501,263,156,102,1,0,1
24,4,406,213,118,80,1,0,1
24,5,317,132,100,86,1,0,1
24,6,163,171,198,82,1,0,1
24,7,0,143,70,80,1,0,1
24,1,841,357,107,93,1,1,1
24,2,751,317,108,89,1,1,1
24,1,0,833,52,246,1,2,1
24,1,527,343,73,128,1,3,1
24,2,360,272,52,103,1,3,1
24,3,364,226,35,78,1,3,1
24,4,259,198,43,93,1,3,1
24,6,180,922,172,157,1,3,1
24,7,206,124,34,55,1,3,1
24,1,1234,671,435,334,1,4,1
24,2,161,662,222,347,1,4,1
24,8,449,488,261,188,1,0,1
24,11,0,546,128,202,1,3,1
25,1,851,470,326,224,1,0,1
25,2,555,298,188,121,1,0,1
25,3,501,263,156,102,1,0,1
25,4,406,213,118,80,1,0,1
25,5,317,132,100,86,1,0,1
25,6,182,172,202,82,1,0,1
25,7,0,145,70,81,1,0,1
25,1,841,357,107,93,1,1,1
25,2,751,317,108,89,1,1,1
25,1,0,833,51,246,1,2,1
25,1,512,332,71,125,1,3,1
25,2,352,266,51,101,1,3,1
25,3,358,218,44,87,1,3,1
25,4,255,195,42,92,1,3,1
25,7,205,126,32,50,1,3,1
25,1,1234,671,435,334,1,4,1
25,2,172,707,216,353,1,4,1
25,8,434,469,251,181,1,0,1
25,11,0,539,175,212,1,3,1
26,1,851,470,326,224,1,0,1
26,2,555,298,188,121,1,0,1
26,3,501,263,156,102,1,0,1
26,4,406,213,118,80,1,0,1
26,5,317,132,100,86,1,0,1
26,6,198,173,204,84,1,0,1
26,7,0,146,70,81,1,0,1
26,1,841,357,107,93,1,1,1
26,2,751,317,108,89,1,1,1
26,1,0,833,51,246,1,2,1
26,1,501,324,69,122,1,3,1
26,2,347,261,51,100,1,3,1
26,3,354,214,42,81,1,3,1
26,4,252,192,42,91,1,3,1
26,7,203,126,33,46,1,3,1
26,1,1234,671,435,334,1,4,1
26,2,182,729,225,350,1,4,1
26,8,423,454,243,175,1,0,1
26,11,16,533,195,212,1,3,1
27,1,851,470,326,224,1,0,1
27,2,555,298,188,121,1,0,1
27,3,501,263,156,102,1,0,1
27,4,406,213,118,80,1,0,1
27,5,317,132,100,86,1,0,1
27,6,215,173,206,85,1,0,1
27,7,0,147,71,81,1,0,1
27,1,841,357,107,93,1,1,1
27,2,751,317,108,89,1,1,1
27,1,0,833,52,245,1,2,1
27,1,489,316,68,120,1,3,1
27,2,342,257,50,98,1,3,1
27,3,349,211,41,78,1,3,1
27,4,249,189,41,90,1,3,1
27,2,192,760,236,319,1,4,1
27,8,412,441,235,170,1,0,1
27,11,59,529,185,206,1,3,1
28,1,851,470,326,224,1,0,1
28,2,555,298,188,121,1,0,1
28,3,501,263,156,102,1,0,1
28,4,406,213,118,80,1,0,1
28,5,317,132,100,86,1,0,1
28,6,228,174,210,79,1,0,1
28,7,0,148,72,82,1,0,1
28,1,841,357,107,93,1,1,1
28,2,751,317,108,89,1,1,1
28,1,0,833,51,245,1,2,1
28,1,478,308,66,117,1,3,1
28,2,337,253,49,97,1,3,1
28,3,345,209,46,81,1,3,1
28,4,246,187,41,89,1,3,1
28,2,202,793,246,286,1,4,1
28,8,402,428,228,165,1,0,1
28,11,101,523,170,207,1,3,1
28,9,773,672,1130,407,1,0,1
29,1,851,470,326,224,1,0,1
29,2,555,298,188,121,1,0,1
29,3,501,263,156,102,1,0,1
29,4,406,213,118,80,1,0,1
29,5,317,132,100,86,1,0,1
29,6,241,175,198,79,1,0,1
29,7,0,149,72,82,1,0,1
29,1,841,357,107,93,1,1,1
29,2,751,317,108,89,1,1,1
29,1,0,835,52,244,1,2,1
29,1,467,301,65,115,1,3,1
29,2,333,249,48,95,1,3,1
29,3,341,207,45,78,1,3,1
29,4,243,184,41,89,1,3,1
29,8,392,416,221,160,1,0,1
29,11,146,512,150,209,1,3,1
29,9,722,629,1181,450,1,0,1
30,1,851,470,326,224,1,0,1
30,2,555,298,188,121,1,0,1
30,3,500,262,157,103,1,0,1
30,4,406,213,118,80,1,0,1
30,5,317,132,100,86,1,0,1
30,6,246,173,193,78,1,0,1
30,7,0,151,73,82,1,0,1
30,1,841,357,107,93,1,1,1
30,2,751,317,108,89,1,1,1
30,1,1,836,52,243,1,2,1
30,1,457,294,64,112,1,3,1
30,2,328,245,47,93,1,3,1
30,3,337,204,43,77,1,3,1
30,4,241,182,40,88,1,3,1
30,8,383,404,216,156,1,0,1
30,11,183,506,136,202,1,3,1
30,9,678,586,1068,493,1,0,1
31,1,851,470,326,224,1,0,1
31,2,555,298,188,121,1,0,1
31,3,501,263,156,102,1,0,1
31,4,406,213,118,80,1,0,1
31,5,317,132,100,86,1,0,1
31,6,279,177,161,70,1,0,1
31,7,0,152,74,83,1,0,1
31,1,841,357,107,93,1,1,1
31,2,751,317,108,89,1,1,1
31,1,3,836,52,243,1,2,1
31,1,445,286,63,110,1,3,1
31,2,323,241,47,92,1,3,1
31,3,332,201,42,75,1,3,1
31,4,238,179,39,86,1,3,1
31,8,371,391,209,151,1,0,1
31,11,224,495,123,196,1,3,1
31,9,633,540,955,539,1,0,1
32,1,851,470,326,224,1,0,1
32,2,555,298,188,121,1,0,1
32,3,501,263,156,102,1,0,1
32,4,406,213,118,80,1,0,1
32,5,317,132,100,86,1,0,1
32,6,295,177,176,67,1,0,1
32,7,1,154,74,84,1,0,1
32,1,841,357,107,93,1,1,1
32,2,751,317,108,89,1,1,1
32,1,6,838,51,240,1,2,1
32,1,435,279,61,108,1,3,1
32,2,319,219,46,109,1,3,1
32,3,329,199,41,73,1,3,1
32,4,236,177,39,85,1,3,1
32,8,373,382,197,158,1,0,1
32,11,252,485,111,191,1,3,1
32,9,598,504,883,575,1,0,1
32,1,1265,669,404,339,1,4,1
33,1,851,470,326,224,1,0,1
33,2,555,298,188,121,1,0,1
33,3,501,263,156,102,1,0,1
33,4,406,213,118,80,1,0,1
33,5,317,132,100,86,1,0,1
33,6,311,180,159,63,1,0,1
33,7,1,155,75,84,1,0,1
33,1,841,357,107,93,1,1,1
33,2,751,317,108,89,1,1,1
33,1,1,845,63,234,1,2,1
33,1,427,273,60,105,1,3,1
33,2,315,234,46,90,1,3,1
33,3,324,196,41,72,1,3,1
33,4,234,175,38,84,1,3,1
33,8,354,373,206,153,1,0,1
33,11,276,473,103,189,1,3,1
33,9,569,479,817,600,1,0,1
33,1,1262,673,407,334,1,4,1
34,1,851,470,326,224,1,0,1
34,2,555,298,188,121,1,0,1
34,3,501,263,156,102,1,0,1
34,4,406,213,118,80,1,0,1
34,5,317,132,100,86,1,0,1
34,6,320,179,173,72,1,0,1
34,7,1,156,76,85,1,0,1
34,1,841,357,107,93,1,1,1
34,2,751,317,108,89,1,1,1
34,1,2,857,73,222,1,2,1
34,1,419,267,59,103,1,3,1
34,2,311,230,46,89,1,3,1
34,3,320,194,40,70,1,3,1
34,4,234,173,37,83,1,3,1
34,8,346,364,201,149,1,0,1
34,11,296,463,100,183,1,3,1
34,9,546,450,762,629,1,0,1
34,1,1262,675,407,330,1,4,1
35,1,851,470,326,224,1,0,1
35,2,555,298,188,121,1,0,1
35,3,501,263,156,102,1,0,1
35,4,406,213,118,80,1,0,1
35,5,317,132,100,86,1,0,1
35,6,316,179,154,64,1,0,1
35,7,1,158,76,86,1,0,1
35,1,841,357,107,93,1,1,1
35,2,751,317,108,89,1,1,1
35,1,6,859,81,220,1,2,1
35,1,412,263,57,100,1,3,1
35,2,307,228,45,87,1,3,1
35,3,317,192,40,70,1,3,1
35,4,233,170,37,82,1,3,1
35,8,338,354,197,146,1,0,1
35,11,314,453,98,180,1,3,1
35,9,522,433,715,646,1,0,1
35,1,1248,672,421,332,1,4,1
36,1,852,470,325,224,1,0,1
36,2,555,298,188,121,1,0,1
36,3,501,263,156,102,1,0,1
36,4,406,213,118,80,1,0,1
36,5,317,132,100,86,1,0,1
36,7,2,160,77,86,1,0,1
36,1,841,357,107,93,1,1,1
36,2,751,317,108,89,1,1,1
36,1,12,863,87,216,1,2,1
36,1,404,257,56,98,1,3,1
36,2,302,224,44,86,1,3,1
36,3,314,190,38,67,1,3,1
36,4,234,168,36,81,1,3,1
36,8,330,346,192,143,1,0,1
36,11,329,443,91,175,1,3,1
36,9,500,414,679,662,1,0,1
36,1,1235,673,434,333,1,4,1
37,1,852,470,325,224,1,0,1
37,2,555,298,188,121,1,0,1
37,3,501,263,156,102,1,0,1
37,4,406,213,118,80,1,0,1
37,5,317,132,100,86,1,0,1
37,7,2,162,78,87,1,0,1
37,1,841,357,107,93,1,1,1
37,2,751,317,108,89,1,1,1
37,1,30,869,87,210,1,2,1
37,1,395,250,55,97,1,3,1
37,2,296,219,44,85,1,3,1
37,3,309,187,37,65,1,3,1
37,4,235,165,36,81,1,3,1
37,8,321,335,187,139,1,0,1
37,11,345,430,88,170,1,3,1
37,9,476,391,636,613,1,0,1
37,1,1233,673,437,334,1,4,1
38,1,852,470,325,224,1,0,1
38,2,555,298,188,121,1,0,1
38,3,501,263,156,102,1,0,1
38,4,406,213,118,80,1,0,1
38,5,317,132,100,86,1,0,1
38,7,0,165,80,87,1,0,1
38,1,841,357,107,93,1,1,1
38,2,751,317,108,89,1,1,1
38,1,46,868,94,211,1,2,1
38,1,389,246,53,94,1,3,1
38,2,292,215,43,84,1,3,1
38,3,306,185,37,64,1,3,1
38,4,237,163,36,80,1,3,1
38,8,324,328,172,135,1,0,1
38,11,356,420,85,163,1,3,1
38,9,463,375,603,591,1,0,1
38,1,1233,673,437,334,1,4,1
39,1,852,470,325,224,1,0,1
39,2,555,298,188,121,1,0,1
39,3,501,263,156,102,1,0,1
39,4,406,213,118,80,1,0,1
39,5,317,132,100,86,1,0,1
39,7,0,167,81,88,1,0,1
39,1,841,357,107,93,1,1,1
39,2,751,317,108,89,1,1,1
39,1,68,866,95,212,1,2,1
39,1,382,241,53,92,1,3,1
39,2,287,212,42,83,1,3,1
39,3,302,183,37,64,1,3,1
39,4,238,161,36,79,1,3,1
39,8,317,320,169,132,1,0,1
39,11,366,410,83,159,1,3,1
39,9,446,361,578,566,1,0,1
39,1,1233,673,437,334,1,4,1
40,1,852,470,325,224,1,0,1
40,2,555,298,188,121,1,0,1
40,3,501,263,156,102,1,0,1
40,4,406,213,118,80,1,0,1
40,5,317,132,100,86,1,0,1
40,7,1,169,83,91,1,0,1
40,1,841,357,107,93,1,1,1
40,2,751,317,108,89,1,1,1
40,1,88,869,95,210,1,2,1
40,1,376,236,52,91,1,3,1
40,2,282,209,42,82,1,3,1
40,3,300,180,36,64,1,3,1
40,4,239,159,35,78,1,3,1
40,8,309,312,165,129,1,0,1
40,11,374,400,75,158,1,3,1
40,9,431,347,553,544,1,0,1
40,1,1233,673,437,334,1,4,1
41,1,852,470,325,224,1,0,1
41,2,555,298,188,121,1,0,1
41,3,501,263,156,102,1,0,1
41,4,406,213,118,80,1,0,1
41,5,317,132,100,86,1,0,1
41,7,0,172,85,91,1,0,1
41,1,841,357,107,93,1,1,1
41,2,751,317,108,89,1,1,1
41,1,116,871,90,208,1,2,1
41,1,370,232,51,89,1,3,1
41,2,278,206,41,81,1,3,1
41,3,297,178,36,63,1,3,1
41,4,240,157,35,77,1,3,1
41,8,302,305,162,127,1,0,1
41,11,381,390,73,154,1,3,1
41,9,416,333,532,524,1,0,1
41,1,1233,673,437,334,1,4,1
42,1,852,470,325,224,1,0,1
42,2,555,298,188,121,1,0,1
42,3,501,263,156,102,1,0,1
42,4,406,213,118,80,1,0,1
42,5,317,132,100,86,1,0,1
42,7,0,174,87,91,1,0,1
42,1,841,357,107,93,1,1,1
42,2,751,317,108,89,1,1,1
42,1,137,873,93,206,1,2,1
42,1,364,228,49,86,1,3,1
42,2,273,203,41,80,1,3,1
42,4,241,155,34,76,1,3,1
42,8,296,298,158,124,1,0,1
42,11,388,380,71,150,1,3,1
42,9,402,321,513,504,1,0,1
42,1,1233,673,437,334,1,4,1
42,3,292,175,40,72,1,3,1
43,1,852,470,325,224,1,0,1
43,2,555,298,188,121,1,0,1
43,3,501,263,156,102,1,0,1
43,4,406,213,118,80,1,0,1
43,5,317,132,100,86,1,0,1
43,7,0,174,89,95,1,0,1
43,1,841,357,107,93,1,1,1
43,2,751,317,108,89,1,1,1
43,1,161,872,93,207,1,2,1
43,1,357,224,47,83,1,3,1
43,2,269,199,40,79,1,3,1
43,4,241,152,34,76,1,3,1
43,8,288,290,153,120,1,0,1
43,9,385,307,490,482,1,0,1
43,1,1233,673,437,334,1,4,1
43,3,291,173,38,71,1,3,1
44,1,852,470,325,224,1,0,1
44,2,555,298,188,121,1,0,1
44,3,501,263,156,102,1,0,1
44,4,406,213,118,80,1,0,1
44,5,317,132,100,86,1,0,1
44,7,0,175,91,98,1,0,1
44,1,841,357,107,93,1,1,1
44,2,751,317,108,89,1,1,1
44,1,183,877,93,202,1,2,1
44,1,351,220,46,81,1,3,1
44,2,266,196,39,78,1,3,1
44,4,241,151,34,75,1,3,1
44,8,282,284,150,118,1,0,1
44,9,372,296,473,466,1,0,1
44,1,1233,673,437,334,1,4,1
44,3,290,169,40,75,1,3,1
45,1,852,470,325,224,1,0,1
45,2,555,298,188,121,1,0,1
45,4,406,213,118,80,1,0,1
45,5,317,132,100,86,1,0,1
45,7,0,180,93,96,1,0,1
45,1,841,357,107,93,1,1,1
45,2,751,317,108,89,1,1,1
45,1,210,875,94,204,1,2,1
45,1,345,217,44,78,1,3,1
45,2,264,193,39,77,1,3,1
45,4,241,149,33,74,1,3,1
45,8,276,277,148,116,1,0,1
45,9,358,286,457,450,1,0,1
45,1,1233,673,437,334,1,4,1
45,3,286,168,43,72,1,3,1
46,1,852,470,325,224,1,0,1
46,2,555,298,188,121,1,0,1
46,4,406,213,118,80,1,0,1
46,5,317,132,100,86,1,0,1
46,7,1,180,94,98,1,0,1
46,1,841,357,107,93,1,1,1
46,2,751,317,108,89,1,1,1
46,1,232,876,94,203,1,2,1
46,1,339,213,43,76,1,3,1
46,2,262,190,38,76,1,3,1
46,4,240,147,33,73,1,3,1
46,8,270,271,145,114,1,0,1
46,9,345,275,442,435,1,0,1
46,1,1233,673,437,334,1,4,1
46,3,285,166,43,71,1,3,1
47,1,852,470,325,224,1,0,1
47,2,555,298,188,121,1,0,1
47,4,406,213,118,80,1,0,1
47,5,317,132,100,86,1,0,1
47,7,0,181,97,101,1,0,1
47,1,841,357,107,93,1,1,1
47,2,751,317,108,89,1,1,1
47,1,254,882,93,197,1,2,1
47,1,333,209,42,73,1,3,1
47,2,260,187,38,75,1,3,1
47,4,239,145,32,72,1,3,1
47,8,265,265,142,111,1,0,1
47,9,331,266,427,420,1,0,1
47,1,1233,673,437,334,1,4,1
47,3,284,164,42,70,1,3,1
48,1,852,470,325,224,1,0,1
48,2,556,298,188,121,1,0,1
48,4,406,213,118,80,1,0,1
48,5,317,132,100,86,1,0,1
48,7,0,186,99,100,1,0,1
48,1,841,357,107,93,1,1,1
48,2,751,317,108,89,1,1,1
48,1,279,887,94,192,1,2,1
48,1,327,206,40,70,1,3,1
48,2,258,184,38,74,1,3,1
48,4,238,143,32,71,1,3,1
48,8,260,259,139,109,1,0,1
48,9,319,257,412,406,1,0,1
48,1,1233,673,437,334,1,4,1
48,3,283,162,41,69,1,3,1
49,1,852,470,325,224,1,0,1
49,2,556,298,187,121,1,0,1
49,5,317,132,100,86,1,0,1
49,7,1,189,100,101,1,0,1
49,1,841,357,107,93,1,1,1
49,2,751,317,108,89,1,1,1
49,1,311,889,93,190,1,2,1
49,1,319,202,39,68,1,3,1
49,2,256,181,37,73,1,3,1
49,4,236,140,32,71,1,3,1
49,8,253,252,136,107,1,0,1
49,9,303,246,394,388,1,0,1
49,1,1233,673,437,334,1,4,1
49,3,281,160,41,69,1,3,1
50,1,852,470,325,224,1,0,1
50,2,556,298,187,121,1,0,1
50,5,317,132,100,86,1,0,1
50,7,0,193,103,100,1,0,1
50,1,841,357,107,93,1,1,1
50,2,751,317,108,89,1,1,1
50,1,333,890,94,189,1,2,1
50,1,313,199,38,66,1,3,1
50,2,254,178,37,73,1,3,1
50,4,235,139,32,70,1,3,1
50,8,248,247,134,105,1,0,1
50,9,291,237,380,374,1,0,1
50,1,1233,673,437,334,1,4,1
50,3,280,158,41,69,1,3,1
51,1,852,470,325,224,1,0,1
51,2,556,298,187,121,1,0,1
51,5,317,132,100,86,1,0,1
51,7,1,195,104,101,1,0,1
51,1,841,357,107,93,1,1,1
51,2,751,317,108,89,1,1,1
51,1,356,892,96,187,1,2,1
51,1,308,196,37,65,1,3,1
51,2,252,176,36,72,1,3,1
51,4,234,137,31,70,1,3,1
51,8,244,242,132,103,1,0,1
51,9,280,229,367,361,1,0,1
51,1,1233,673,437,334,1,4,1
51,3,278,156,41,68,1,3,1
52,1,852,470,325,224,1,0,1
52,2,556,298,188,121,1,0,1
52,5,317,132,100,86,1,0,1
52,7,2,198,105,102,1,0,1
52,1,841,357,107,93,1,1,1
52,2,751,317,108,89,1,1,1
52,1,384,891,96,188,1,2,1
52,1,302,192,36,63,1,3,1
52,2,249,173,36,71,1,3,1
52,4,234,135,31,69,1,3,1
52,8,239,237,129,101,1,0,1
52,9,270,222,355,349,1,0,1
52,1,1233,673,437,334,1,4,1
52,3,276,154,40,68,1,3,1
53,1,852,470,325,224,1,0,1
53,2,556,298,188,121,1,0,1
53,5,317,132,100,86,1,0,1
53,7,0,201,110,103,1,0,1
53,1,841,357,107,93,1,1,1
53,2,751,317,108,89,1,1,1
53,1,406,890,96,189,1,2,1
53,1,296,188,36,63,1,3,1
53,2,247,171,36,70,1,3,1
53,4,233,133,31,68,1,3,1
53,8,235,232,126,99,1,0,1
53,9,260,214,343,337,1,0,1
53,1,1233,673,437,334,1,4,1
53,3,270,152,38,64,1,3,1
54,1,852,470,325,224,1,0,1
54,2,556,298,187,121,1,0,1
54,5,317,132,100,86,1,0,1
54,7,2,204,111,104,1,0,1
54,1,841,357,107,93,1,1,1
54,2,751,317,108,89,1,1,1
54,1,427,894,97,185,1,2,1
54,1,291,186,35,62,1,3,1
54,2,246,169,35,69,1,3,1
54,4,233,131,30,67,1,3,1
54,8,231,228,124,97,1,0,1
54,9,251,207,332,326,1,0,1
54,1,1233,673,437,334,1,4,1
54,3,268,150,38,63,1,3,1
55,1,852,470,325,224,1,0,1
55,2,555,298,188,121,1,0,1
55,5,317,132,100,86,1,0,1
55,7,0,210,116,98,1,0,1
55,1,841,357,107,93,1,1,1
55,2,751,317,108,89,1,1,1
55,1,459,900,98,179,1,2,1
55,1,285,182,33,58,1,3,1
55,2,243,166,35,68,1,3,1
55,4,233,130,30,66,1,3,1
55,8,226,222,121,95,1,0,1
55,9,239,198,318,313,1,0,1
55,1,1233,673,437,334,1,4,1
55,3,266,148,37,62,1,3,1
55,10,0,148,78,91,1,0,1
56,1,852,470,325,224,1,0,1
56,2,555,298,188,121,1,0,1
56,5,317,132,100,86,1,0,1
56,7,0,207,119,107,1,0,1
56,1,841,357,107,93,1,1,1
56,2,751,317,108,89,1,1,1
56,1,483,901,99,178,1,2,1
56,1,279,179,30,54,1,3,1
56,2,241,164,34,68,1,3,1
56,4,233,129,29,65,1,3,1
56,8,222,217,118,93,1,0,1
56,9,231,192,308,303,1,0,1
56,1,1233,673,437,334,1,4,1
56,3,263,146,36,61,1,3,1
56,10,0,149,79,92,1,0,1
56,3,520,265,125,101,1,0,1
57,1,852,470,325,224,1,0,1
57,2,555,298,188,121,1,0,1
57,5,317,132,100,86,1,0,1
57,7,0,211,122,106,1,0,1
57,1,841,357,107,93,1,1,1
57,2,751,317,108,89,1,1,1
57,1,506,903,99,176,1,2,1
57,2,239,161,34,66,1,3,1
57,8,219,212,115,90,1,0,1
57,9,223,185,300,296,1,0,1
57,1,1233,673,437,334,1,4,1
57,10,0,151,78,92,1,0,1
57,3,512,263,139,101,1,0,1
57,13,1095,942,160,137,1,3,1
58,1,852,470,325,224,1,0,1
58,2,555,298,188,121,1,0,1
58,5,317,132,100,86,1,0,1
58,7,0,214,124,108,1,0,1
58,1,841,357,107,93,1,1,1
58,2,751,317,108,89,1,1,1
58,1,532,908,99,171,1,2,1
58,2,237,160,32,62,1,3,1
58,8,215,207,111,87,1,0,1
58,9,217,179,291,301,1,0,1
58,1,1233,673,437,334,1,4,1
58,10,0,152,79,93,1,0,1
58,3,506,264,145,100,1,0,1
58,13,1024,885,163,194,1,3,1
59,1,852,470,325,224,1,0,1
59,2,555,298,188,121,1,0,1
59,5,317,132,100,86,1,0,1
59,7,1,215,125,111,1,0,1
59,1,841,357,107,93,1,1,1
59,2,751,317,108,89,1,1,1
59,1,563,908,99,171,1,2,1
59,8,210,201,109,85,1,0,1
59,9,216,175,276,282,1,0,1
59,1,1233,673,437,334,1,4,1
59,10,0,154,79,94,1,0,1
59,3,501,263,150,101,1,0,1
59,13,966,833,158,246,1,3,1
60,1,852,470,325,224,1,0,1
60,2,555,298,188,121,1,0,1
60,5,317,132,100,86,1,0,1
60,7,0,221,129,110,1,0,1
60,1,841,357,107,93,1,1,1
60,2,751,317,108,89,1,1,1
60,1,588,904,101,175,1,2,1
60,9,212,171,267,280,1,0,1
60,1,1233,673,437,334,1,4,1
60,10,0,156,80,95,1,0,1
60,3,501,263,150,99,1,0,1
60,13,915,787,147,291,1,3,1
61,1,852,470,325,224,1,0,1
61,2,555,298,188,121,1,0,1
61,5,317,132,100,86,1,0,1
61,7,1,223,130,114,1,0,1
61,1,841,357,107,93,1,1,1
61,2,751,317,108,89,1,1,1
61,1,620,907,103,172,1,2,1
61,9,208,162,255,269,1,0,1
61,1,1233,673,437,334,1,4,1
61,10,0,158,78,96,1,0,1
61,3,502,263,149,98,1,0,1
61,13,857,730,139,280,1,3,1
61,4,429,212,102,86,1,0,1
62,1,852,470,325,224,1,0,1
62,2,555,298,188,121,1,0,1
62,5,317,132,100,86,1,0,1
62,7,0,224,134,115,1,0,1
62,1,841,357,107,93,1,1,1
62,2,751,317,108,89,1,1,1
62,1,650,912,103,167,1,2,1
62,9,205,155,245,275,1,0,1
62,1,1233,673,437,334,1,4,1
62,10,0,160,77,96,1,0,1
62,3,501,263,150,96,1,0,1
62,13,816,693,131,265,1,3,1
62,4,433,214,92,78,1,0,1
63,1,852,470,325,224,1,0,1
63,2,555,298,188,121,1,0,1
63,5,317,132,100,86,1,0,1
63,7,0,229,136,115,1,0,1
63,1,841,357,107,93,1,1,1
63,2,751,317,108,89,1,1,1
63,1,679,909,105,170,1,2,1
63,9,200,152,239,262,1,0,1
63,1,1233,673,437,334,1,4,1
63,10,0,161,77,98,1,0,1
63,3,502,263,149,100,1,0,1
63,13,778,659,125,251,1,3,1
63,4,431,217,94,84,1,0,1
64,1,852,470,325,224,1,0,1
64,2,555,298,188,121,1,0,1
64,5,317,132,100,86,1,0,1
64,7,0,231,139,116,1,0,1
64,1,841,357,107,93,1,1,1
64,2,751,317,108,89,1,1,1
64,1,708,910,106,169,1,2,1
64,9,193,144,235,256,1,0,1
64,1,1233,673,437,334,1,4,1
64,10,0,163,77,98,1,0,1
64,3,501,263,150,102,1,0,1
64,13,743,627,119,240,1,3,1
64,14,1237,894,193,185,1,3,1
64,4,424,216,103,76,1,0,1
65,1,852,470,325,224,1,0,1
65,2,555,298,188,121,1,0,1
65,5,317,132,100,86,1,0,1
65,7,2,234,140,120,1,0,1
65,1,841,357,107,93,1,1,1
65,2,751,317,108,89,1,1,1
65,1,740,914,106,165,1,2,1
65,9,190,140,228,250,1,0,1
65,1,1233,673,437,334,1,4,1
65,10,0,165,77,99,1,0,1
65,3,501,263,150,101,1,0,1
65,13,711,598,114,229,1,3,1
65,14,1195,859,178,220,1,3,1
65,4,424,216,103,76,1,0,1
66,1,852,470,325,224,1,0,1
66,2,555,298,188,121,1,0,1
66,5,317,132,100,86,1,0,1
66,7,0,239,144,117,1,0,1
66,1,841,357,107,93,1,1,1
66,2,751,317,108,89,1,1,1
66,1,771,911,106,168,1,2,1
66,9,185,136,223,245,1,0,1
66,1,1233,673,437,334,1,4,1
66,10,0,167,78,101,1,0,1
66,3,501,263,150,100,1,0,1
66,13,682,570,109,220,1,3,1
66,14,1150,828,168,251,1,3,1
66,4,405,213,122,79,1,0,1
67,1,852,470,325,224,1,0,1
67,2,555,298,188,121,1,0,1
67,5,317,132,100,86,1,0,1
67,7,0,242,148,119,1,0,1
67,1,841,357,107,93,1,1,1
67,2,751,317,108,89,1,1,1
67,1,808,916,104,163,1,2,1
67,9,179,130,217,238,1,0,1
67,1,1233,673,437,334,1,4,1
67,10,0,170,76,102,1,0,1
67,3,501,263,150,101,1,0,1
67,13,650,539,103,208,1,3,1
67,14,1099,793,158,264,1,3,1
67,4,403,214,124,78,1,0,1
68,1,852,470,325,224,1,0,1
68,2,555,298,188,121,1,0,1
68,5,317,132,100,86,1,0,1
68,7,0,246,150,123,1,0,1
68,1,841,357,107,93,1,1,1
68,2,751,317,108,89,1,1,1
68,1,841,922,105,157,1,2,1
68,9,174,127,212,233,1,0,1
68,1,1233,673,437,334,1,4,1
68,10,0,172,75,103,1,0,1
68,3,501,263,150,101,1,0,1
68,13,627,518,99,199,1,3,1
68,14,1063,764,153,256,1,3,1
68,4,406,213,121,77,1,0,1
68,2,1,827,52,252,1,2,1
69,1,852,470,325,224,1,0,1
69,2,555,298,188,121,1,0,1
69,5,317,132,100,86,1,0,1
69,7,2,248,151,124,1,0,1
69,1,841,357,107,93,1,1,1
69,2,751,317,108,89,1,1,1
69,1,876,924,103,155,1,2,1
69,9,169,123,208,229,1,0,1
69,1,1233,673,437,334,1,4,1
69,10,0,174,75,105,1,0,1
69,3,501,263,150,101,1,0,1
69,13,607,497,95,191,1,3,1
69,14,1030,739,147,245,1,3,1
69,4,405,213,122,76,1,0,1
69,2,0,826,92,251,1,2,1
70,1,852,470,325,224,1,0,1
70,2,555,298,188,121,1,0,1
70,5,317,132,100,86,1,0,1
70,7,5,251,149,125,1,0,1
70,1,841,357,107,93,1,1,1
70,2,751,317,108,89,1,1,1
70,1,908,923,104,156,1,2,1
70,9,164,120,203,223,1,0,1
70,1,1233,673,437,334,1,4,1
70,10,0,175,75,108,1,0,1
70,3,501,263,150,101,1,0,1
70,13,590,473,92,188,1,3,1
70,14,1000,713,143,239,1,3,1
70,4,404,213,123,79,1,0,1
70,2,36,825,93,254,1,2,1
71,1,852,470,325,224,1,0,1
71,2,555,298,188,121,1,0,1
71,5,317,132,100,86,1,0,1
71,7,4,255,152,129,1,0,1
71,1,841,357,107,93,1,1,1
71,2,751,317,108,89,1,1,1
71,9,159,115,200,219,1,0,1
71,1,1233,673,437,334,1,4,1
71,10,0,175,75,112,1,0,1
71,3,501,263,150,101,1,0,1
71,13,574,455,88,182,1,3,1
71,14,972,691,138,231,1,3,1
71,4,404,216,123,76,1,0,1
71,2,79,824,123,255,1,2,1
72,1,852,470,325,224,1,0,1
72,2,555,298,188,121,1,0,1
72,5,317,132,100,86,1,0,1
72,7,4,259,156,129,1,0,1
72,1,841,357,107,93,1,1,1
72,2,751,317,108,89,1,1,1
72,9,155,112,196,215,1,0,1
72,1,1233,673,437,334,1,4,1
72,10,0,177,76,114,1,0,1
72,3,501,263,150,101,1,0,1
72,13,560,438,89,176,1,3,1
72,14,946,669,134,225,1,3,1
72,4,405,213,122,79,1,0,1
72,2,111,822,112,256,1,2,1
73,1,852,470,325,224,1,0,1
73,2,555,298,188,121,1,0,1
73,5,317,132,100,86,1,0,1
73,7,3,265,160,130,1,0,1
73,1,841,357,107,93,1,1,1
73,2,751,317,108,89,1,1,1
73,9,148,107,192,210,1,0,1
73,1,1233,673,437,334,1,4,1
73,10,0,179,77,117,1,0,1
73,3,501,263,150,101,1,0,1
73,13,544,421,83,167,1,3,1
73,14,916,644,129,216,1,3,1
73,4,405,213,122,79,1,0,1
73,2,154,820,99,256,1,2,1
74,1,852,470,325,224,1,0,1
74,2,555,298,188,121,1,0,1
74,5,317,132,100,86,1,0,1
74,7,5,267,158,141,1,0,1
74,1,841,357,107,93,1,1,1
74,2,751,317,108,89,1,1,1
74,9,144,104,188,206,1,0,1
74,1,1233,673,437,334,1,4,1
74,10,0,181,76,118,1,0,1
74,3,501,263,150,101,1,0,1
74,13,532,406,80,163,1,3,1
74,14,892,624,126,211,1,3,1
74,4,405,215,122,77,1,0,1
74,2,190,828,106,251,1,2,1
75,1,852,470,325,224,1,0,1
75,2,555,298,188,121,1,0,1
75,5,317,132,100,86,1,0,1
75,7,6,272,161,140,1,0,1
75,1,841,357,107,93,1,1,1
75,2,751,317,108,89,1,1,1
75,9,138,100,185,203,1,0,1
75,1,1233,673,437,334,1,4,1
75,10,0,184,76,105,1,0,1
75,3,501,263,150,101,1,0,1
75,13,521,391,78,161,1,3,1
75,14,868,606,123,206,1,3,1
75,4,405,215,122,77,1,0,1
75,2,246,828,89,251,1,2,1
76,1,852,470,325,224,1,0,1
76,2,555,298,188,121,1,0,1
76,5,317,132,100,86,1,0,1
76,7,7,279,162,140,1,0,1
76,1,841,357,107,93,1,1,1
76,2,751,317,108,89,1,1,1
76,9,133,97,181,198,1,0,1
76,1,1233,673,437,334,1,4,1
76,10,0,187,76,109,1,0,1
76,3,501,263,150,101,1,0,1
76,13,510,380,76,155,1,3,1
76,14,843,587,120,201,1,3,1
76,4,405,213,122,79,1,0,1
76,2,282,826,103,253,1,2,1
77,1,852,470,325,224,1,0,1
77,2,555,298,188,121,1,0,1
77,5,317,132,100,86,1,0,1
77,7,7,280,164,145,1,0,1
77,1,841,357,107,93,1,1,1
77,2,751,317,108,89,1,1,1
77,9,127,94,178,194,1,0,1
77,1,1233,673,437,334,1,4,1
77,10,0,194,74,106,1,0,1
77,3,501,263,150,101,1,0,1
77,13,499,367,74,152,1,3,1
77,14,818,570,117,196,1,3,1
77,4,405,213,122,79,1,0,1
77,2,324,829,127,250,1,2,1
78,1,852,470,325,224,1,0,1
78,2,555,298,188,121,1,0,1
78,5,317,132,100,86,1,0,1
78,7,8,285,166,147,1,0,1
78,1,841,357,107,93,1,1,1
78,2,751,317,108,89,1,1,1
78,9,121,91,174,190,1,0,1
78,1,1233,673,437,334,1,4,1
78,10,0,196,74,108,1,0,1
78,3,501,263,150,101,1,0,1
78,13,488,356,72,148,1,3,1
78,14,793,553,114,191,1,3,1
78,4,404,214,123,78,1,0,1
78,2,358,826,114,249,1,2,1
79,1,852,470,325,224,1,0,1
79,2,555,298,188,121,1,0,1
79,5,317,132,100,86,1,0,1
79,7,8,292,170,148,1,0,1
79,1,841,357,107,93,1,1,1
79,2,751,317,108,89,1,1,1
79,9,113,87,170,186,1,0,1
79,1,1233,673,437,334,1,4,1
79,10,0,200,75,109,1,0,1
79,3,501,263,150,101,1,0,1
79,13,475,342,70,143,1,3,1
79,14,763,533,110,185,1,3,1
79,4,405,213,122,79,1,0,1
79,2,400,825,113,246,1,2,1
